5 5.91373 8.9098 9.04314 14.0863 7.85098 13.4 5.05098 6.61176 13.651 14.051 
0 6.37255 12.5569 11.3255 15.2745 11.9216 13.1216 7.49804 11.0314 17.749 18.5216 
7 5.26667 8.90588 8.68627 13.702 9.75686 12.5333 5.43529 6.06275 13.5176 12.2588 
1 5.78431 7.40392 12.4196 14.8745 9.21176 12.6863 4.69412 5.48235 15.7333 16.4941 
8 7.30196 9.09412 11.0196 16.2902 10.7961 14 6.53333 8.94902 14.2353 15.749 
5 6.19608 10.9804 11.0706 17.8667 12.2118 13.9216 5.9098 9.79608 17.5059 16.0392 
0 7.21176 10.9373 10.9333 14.0941 12.8745 15.6706 8.03922 9.83922 15.9882 19.5647 
2 7.67843 11.9294 13.6863 18.0471 12.7451 16.8902 11.9373 9.20392 18.7569 21.2706 
6 6.21961 10.9882 12.2392 16.3451 11.7137 13.7922 7.13725 8.08627 16.1961 15.8118 
7 6.67451 10.0314 10.7608 15.5059 10.9373 12.7647 6.72941 6.26667 17.0039 17.2784 
2 10.0627 15.0824 13.9176 22.5725 16.0118 15.4353 7.20392 11.5608 21.4235 20.3333 
7 10.6706 15.102 14.6784 20.4784 13.4863 16.3882 10.3608 13.8902 17.7686 19.8431 
8 7.17647 9.26275 15.7725 14.3451 12.2941 14.6902 6.80784 8.25098 15.5529 16.7373 
4 6.82353 12.3725 14.0235 16.0039 15.1098 11.5647 6.87059 11.0353 16.1216 19.902 
0 10.1843 15.2275 12.6078 19.3922 13.6353 14.3569 5.44706 10.1647 18.7882 20.1137 
6 6.92549 12.1922 13.6745 18.9882 11.4314 18.1804 5.79216 9.35294 18.349 15.0471 
3 10.6275 12.9333 13.9569 17.702 12.9608 17.651 7.11765 10.4941 17.4196 22.6784 
1 11.3098 13.0706 13.6627 16.2745 11.8118 14.1922 6.93333 11.3098 18.7059 20.0196 
8 4.51373 7.2902 6.52941 12.4549 7.31765 13.3255 4.52549 5.02745 11.8196 11.9529 
2 10.2627 11.6157 11.8824 18.6392 13.0706 12.7451 7.39216 9.01569 18.3255 14.6353 
0 9.05882 13.4745 12.5333 19.7569 13.1529 17.4667 6.87059 10.9725 20.9216 17.8157 
9 9.86667 9.16078 14.4314 18.8667 11.4078 15.8902 8.25098 8.92549 15.3137 15.6392 
4 7.69804 9.62353 13.2941 18.7686 13.298 14.7333 5.75686 9.73333 20.8 15.5098 
0 6.18431 9.28235 10.7647 15.9294 10.5765 14.0118 5.18039 7.6 14.4706 16.4431 
6 7.6549 14.6431 11.4588 17.9961 14.5451 14.3922 10.0118 11.0118 19.6784 23.9255 
9 13.4431 19.7765 19.6235 24.9098 14.1059 20.3647 12.8431 13.0118 22.4706 21.7373 
4 7.4 10.2078 12.6941 18.1451 12.5569 14.7882 6.78824 9.03529 14.6902 17.349 
0 11.8235 17.4078 15.4902 21.9451 15.2392 17.2196 8.07059 12.4431 21.0588 21.498 
6 11.2196 15.3882 16.9412 19.1725 12.8549 19.8157 9.0549 12.9882 18.7255 22.4078 
9 12.2745 16.502 12.9333 19.9569 10.5333 13.651 9.14118 12.7608 19.3255 18.102 
5 7.32549 9.8549 9.07059 14.451 10.3333 12.4235 5.76471 9.41961 14.0078 16.5255 
8 5.12941 10.3294 8.12941 15.5922 11.302 12.0078 7.73725 8.89804 13.949 13.702 
2 6.25098 12.702 11.6549 17.4314 11.3176 13.8431 8.67843 7.99216 14.6941 17.5294 
2 7.3098 10.2667 11.8863 16.0784 9.65098 13.6784 5.25098 7.98039 17.5294 16.8118 
3 8.79216 11.5412 10.1255 14.5333 11.9922 14.9059 8.16078 9.64706 15.8667 16.1216 
8 11.549 17.1255 18.4314 20.5255 15.4235 17.2196 9.96471 14.9412 23.7255 22.9216 
1 9.41176 13.6706 12.8235 18.7765 14.0275 15.1843 7.23922 9.69804 17.1725 20.9608 
3 6.9451 8.52941 8.98431 15.5255 9.41569 11.6902 4.97255 8.08627 14.3647 16.2667 
6 9.9098 11.2745 12.2706 18.651 12.1098 13.8 7.21961 9.83922 20.7882 20.9451 
1 7.33333 11.7922 11.8039 16.5373 12.1176 17.4078 7.88235 9.14118 16.2941 16.349 
2 5.46667 8.21961 7.81176 13.4863 9.82353 11.6275 3.91765 7.2549 16.5137 15.2471 
5 7.53725 10.1294 8.19608 13.5294 10.3843 12.8392 3.75686 8.82353 15.8392 14.7451 
7 8.39608 14.3176 14.3412 17.8196 12.8235 13.4353 6.13725 11.2314 16.7098 18.051 
8 4.69412 7.63137 7.19608 12.0941 6.76471 12.4784 3.3451 7.97255 13.7451 13.1294 
8 6.54118 11.7725 12.7608 17.2235 12.6431 11.7412 8.73333 10.1961 15.7176 16.7255 
1 6.78039 10.2078 12.1176 16.2196 9.35686 12.5608 7.48627 9.52549 14.9843 14.949 
9 4.39608 7.51765 8.11373 12.9255 7.55294 10.7059 4.51765 5.63922 12.2235 11.2588 
4 8.78431 12.1294 14.8784 19.8275 11.4039 13.3686 8.89412 6.97255 18.2627 19.6667 
1 6.73725 13.7569 10.8039 17.5176 14.3686 12.098 6.80392 8.95686 16.502 18.3294 
5 9.11765 12.698 15.6941 17.0353 11.5412 13.9216 8.22353 12.1412 16.7451 19.2627 
9 7.67843 11.1137 10.1804 14.5176 10.6118 14.1294 8.04314 10.3412 15.2549 20.1843 
1 9.25882 13.1569 13.3451 18.7922 13.1961 16.3804 7.99216 8.95686 19.4824 19.1176 
4 5.86667 8.91765 6.76078 12.8275 9.68235 12.8 4.94902 6.99216 13.5137 14.1451 
1 6.58431 8.56863 9.50588 14.7647 10.3373 14.9373 4.12941 5.50588 14.3961 14.9608 
6 5.83529 7.62745 8.08627 14.0863 9.53725 12.9373 4.26275 6.45882 15.3451 14.7255 
4 8.77255 12.0824 9.81176 15.6784 12.2863 15.7216 7.48235 8.12549 16.8196 17.1451 
0 5.41961 7.99216 7.98431 12.8157 8.67451 12.5608 3.72549 8.01176 16.2392 14.7725 
8 5.80784 11.098 9.41176 14.9216 10.051 12.9647 6.01961 7.35686 16.9882 17.4784 
5 8.85882 13.2118 8.98824 15.149 10.1255 15.251 6.57255 10.7333 21.0078 16.8667 
2 10.0941 15.7333 16.3137 18.1686 15.1216 14.7882 10.6118 12.8157 20.0078 26.6745 
2 11.2314 16.2392 13.9686 19.1922 14.1569 18.8196 11.0314 12.7608 21.3333 20.3765 
1 10.6235 11.9373 11.6078 16.3176 12.2157 15.6902 4.51765 10.2824 17.3686 16.3255 
6 7.59216 8.73725 10.8824 14.2235 9.21961 12.7137 5.87843 7.75686 13.3294 15.5686 
0 4.15294 8.60784 6.29412 11.6471 8.69412 11.1333 3.08627 4.82745 11.4196 13.1412 
3 11.9137 12.4824 19.4275 20.0039 14.8706 17.0039 10.851 11.4902 19.8745 22.0902 
2 8.59216 13.1373 11.8745 16.3725 12.2941 15.051 7.41176 8.50588 15.3922 19.4588 
7 8.82353 14.3059 14.2706 19.4745 13.5765 16.9961 8.8 11.851 15.9804 22.7255 
0 6.01569 8.98039 11.6588 15.902 10.502 11.0667 6.01176 6.38039 14.3843 15.6588 
1 13.0431 13.8157 17.8353 20.5961 12.549 15.7176 11.8353 10.7608 21.2863 22.1255 
4 6.03137 7.68627 8.75294 12.1333 8.09804 14.7804 5.41569 6.84314 13.8824 12.1059 
0 6.74902 14.2314 11.9333 16.8588 11.5843 13.2235 7.38824 9.89412 16.8667 19.2784 
9 9.48627 15.0078 17.3569 17.4941 14.3882 15.8039 10.7059 12.7882 16.5569 19.4275 
7 6.23529 7.61569 8.98039 14.749 8.82745 11.5333 2.84706 5.67843 15.5059 13.7882 
2 7.37647 8.96471 13.2078 17.2902 11.8824 15.3725 5.89412 7.13333 13.8275 15.9255 
0 9.86667 11.6627 12.0588 16.7922 12.5373 15.1255 5.22745 9.19216 18.9176 18.1725 
2 9.10196 12.2196 15.7373 15.0431 11.3059 16.4275 7.37255 12.1843 15.2549 21.0314 
1 6.00784 7.96078 8.74902 15.0431 8.29412 16.8745 3.63529 7.05882 15.5451 13.5333 
3 6.3451 8.8902 9.14902 14.9569 9.32549 12.3333 5.23137 7.60784 15.2196 15.1176 
6 7.41569 11.4 11.0588 15.4667 10.3804 14.9529 6.09804 8.30588 16.4039 17.0196 
9 10.4863 12.4 10.4941 15.698 11.0471 16.102 7.14118 9.95686 16.4667 19.1333 
7 10.0157 13.7843 14.1529 26.9647 10.1137 17.2196 11.9137 9.3098 17.1137 21.9922 
6 4.67451 6.83922 9.78039 12.9529 8.23137 12.7059 4.1451 4.6549 13.1137 13.4549 
1 6.1098 11.4314 8.35294 14.2784 9.95294 12.6667 6.92157 8.22745 16.9529 16.3294 
9 5.98431 8.60784 9.03922 12.0235 7.55294 13.0118 6.25098 7.93333 12.4431 13.1843 
2 8.21569 13.898 15.9412 21.9333 13.8039 16.6039 9.96078 10.902 15.5412 18.0471 
1 9.21961 12.5137 13.8 18.2039 12.5333 17.251 8.65882 11.702 17.6863 20.4627 
9 4.51373 7.7451 6.75686 11.6941 9.59608 13.7529 5.25882 7.49412 12.5176 13.4314 
1 4.69804 10.5686 10.6235 15.8588 9.99216 15.5373 4.56078 9.11765 15.7216 14.7647 
6 6.75294 9.87059 9.75294 15.4549 11.2118 13.6627 5.81569 8.43922 14.8588 16.749 
7 8.70588 14.0078 12.9059 16.2667 8.69412 14.251 6.01176 5.96471 14.4431 17.0196 
6 8.32549 13.3961 11.7882 16.1686 10.1922 12.9294 6.55294 8.54902 18.7843 16.7569 
8 9.93725 14.0627 14.6078 20.4588 12.5412 14.8941 7.82745 11.1804 17.9451 17.451 
8 11.3529 11.3451 13.1216 16.9686 14.0392 13.8627 7.51765 10.2784 17.7176 15.898 
9 10.251 13.0431 12.3176 17.6275 13.9216 15.051 7.09804 12.2941 17.2667 19.3686 
7 6.44314 10.6627 12.5882 17.3647 10.6275 16.8118 5.76078 9.96078 16.2314 13.9373 
5 9.18431 10.2431 15.3882 17.8863 11.1686 14.8118 7.42353 8.20784 17.5451 17.6902 
3 5.27451 8.88235 8.96471 13.3608 7.08235 11.3804 5.42353 6.99608 12.4706 14.0941 
4 7.01569 10.9373 13.0235 19.2196 11.2549 14.8431 8.48235 8.74118 17.7569 20.102 
8 7.78824 12.9569 9.72549 18.3255 9.2549 15.1333 6.17647 8.34902 17.4 14.8196 
8 7.37647 9.48627 10.3373 15.3451 11.8314 14.8706 6.53725 9.16863 16.5647 17.3333 
