5 0.313452 0.300242 0.288552 0.314452 0.358536 0.513761 0.406434 0.289409 0.437085 0.690303 
0 0.476543 0.459356 0.450404 0.416076 0.522238 0.676954 0.544559 0.486039 0.613775 0.918154 
7 0.34786 0.322643 0.319194 0.316592 0.390236 0.566054 0.477344 0.35654 0.397611 0.782884 
1 0.364136 0.329872 0.328645 0.311077 0.3957 0.544151 0.437053 0.345071 0.448938 0.726149 
8 0.403688 0.361371 0.339293 0.35786 0.454241 0.56505 0.454037 0.363739 0.536996 0.756552 
5 0.591386 0.505215 0.513756 0.475144 0.620897 0.743231 0.626991 0.54404 0.677327 0.966659 
0 0.494926 0.450924 0.426815 0.39138 0.544463 0.682566 0.544029 0.467298 0.594716 0.807113 
2 0.585547 0.565688 0.561657 0.601916 0.671414 0.791235 0.682657 0.60438 0.761177 1.05361 
6 0.34064 0.361603 0.352798 0.328135 0.38658 0.608623 0.468865 0.368745 0.384057 0.791114 
7 0.473268 0.419622 0.413024 0.409248 0.515262 0.646239 0.551945 0.459228 0.587709 0.938506 
2 0.611432 0.606871 0.575756 0.539028 0.659764 0.867262 0.707193 0.593904 0.739503 1.01696 
7 0.746975 0.679595 0.657581 0.696804 0.845748 0.872868 0.77037 0.718208 0.946768 1.11958 
8 0.474617 0.438127 0.43203 0.421472 0.540084 0.664624 0.563331 0.452157 0.609383 0.938824 
4 0.488458 0.453325 0.4488 0.462723 0.552275 0.682333 0.555559 0.474028 0.634375 0.961935 
0 0.508581 0.502701 0.473593 0.451079 0.532581 0.739129 0.597395 0.475368 0.561298 0.92558 
6 0.468534 0.459253 0.435048 0.413962 0.515902 0.728085 0.537482 0.42467 0.542571 0.850779 
3 0.5701 0.550646 0.559676 0.578413 0.66972 0.757392 0.656892 0.584281 0.765461 1.08009 
1 0.535056 0.506876 0.473515 0.421268 0.582886 0.72037 0.610147 0.478773 0.643013 0.846124 
8 0.181898 0.177615 0.173024 0.17474 0.218851 0.372277 0.291598 0.182719 0.259557 0.518539 
2 0.545397 0.49725 0.481618 0.445802 0.609722 0.766234 0.594524 0.507612 0.646453 0.915895 
0 0.590486 0.554606 0.511892 0.538176 0.65946 0.797825 0.641001 0.528698 0.705087 0.986017 
9 0.446683 0.478806 0.455329 0.40317 0.489665 0.729447 0.577555 0.472798 0.546976 0.920098 
4 0.484412 0.459462 0.473433 0.459987 0.546709 0.706881 0.583072 0.44771 0.566707 0.903976 
0 0.386687 0.339521 0.353548 0.390152 0.444394 0.556579 0.49502 0.358288 0.532706 0.952473 
6 0.643225 0.599665 0.585073 0.566239 0.718038 0.827014 0.701941 0.643019 0.798618 1.11429 
9 0.874245 0.806781 0.772034 0.764823 0.940591 1.0087 0.876186 0.826645 1.00643 1.24779 
4 0.505119 0.46382 0.432065 0.427712 0.566455 0.676951 0.558587 0.471671 0.664252 0.887436 
0 0.488207 0.571586 0.500897 0.451982 0.53806 0.798845 0.620193 0.484041 0.6285 0.945563 
6 0.563401 0.568283 0.553078 0.526838 0.640323 0.79794 0.661573 0.5477 0.750807 1.08115 
9 0.685629 0.596809 0.569019 0.553648 0.746712 0.854601 0.705029 0.615623 0.819851 1.00464 
5 0.34565 0.324198 0.321176 0.341288 0.389534 0.543015 0.450538 0.333858 0.467224 0.835786 
8 0.318501 0.339638 0.308568 0.326796 0.383947 0.528605 0.42694 0.317231 0.425858 0.71308 
2 0.493307 0.450613 0.431692 0.449297 0.555369 0.666652 0.541578 0.457029 0.642776 0.898601 
2 0.396893 0.411471 0.3989 0.41334 0.462586 0.634661 0.499329 0.414596 0.503085 0.84635 
3 0.452843 0.422622 0.37568 0.377084 0.479167 0.629065 0.532992 0.397256 0.489173 0.828161 
8 0.818571 0.761047 0.746439 0.699089 0.890941 0.963069 0.818937 0.776452 0.943648 1.14141 
1 0.627213 0.560447 0.537076 0.572471 0.692957 0.841165 0.642882 0.579737 0.723609 0.96159 
3 0.365639 0.32716 0.308386 0.305484 0.402345 0.5287 0.403759 0.327305 0.475535 0.647821 
6 0.544132 0.530642 0.502163 0.465332 0.584694 0.754353 0.613227 0.530866 0.627464 0.924682 
1 0.420657 0.416254 0.40389 0.4012 0.46446 0.636387 0.537835 0.40979 0.473342 0.924344 
2 0.274985 0.250897 0.236883 0.224661 0.318424 0.473335 0.335046 0.24784 0.373553 0.564381 
5 0.294036 0.30094 0.265822 0.259476 0.338041 0.580297 0.392902 0.279889 0.371513 0.708345 
7 0.526405 0.502792 0.498782 0.54289 0.625152 0.715516 0.595466 0.498543 0.73577 0.929501 
8 0.224482 0.219978 0.216078 0.192898 0.252508 0.433858 0.327359 0.233527 0.269486 0.573016 
8 0.457262 0.446707 0.443419 0.450831 0.512618 0.700344 0.561524 0.479674 0.604262 0.975958 
1 0.403104 0.382498 0.362643 0.33908 0.455362 0.618583 0.477292 0.379045 0.499051 0.873549 
9 0.203903 0.201203 0.189815 0.189607 0.258927 0.399109 0.293453 0.189675 0.291537 0.493897 
4 0.539989 0.516855 0.515586 0.492202 0.587921 0.733343 0.608638 0.523843 0.652136 0.992323 
1 0.467005 0.505416 0.492487 0.522755 0.551754 0.696081 0.587878 0.50922 0.634791 1.03926 
5 0.519551 0.519935 0.500581 0.578191 0.611452 0.701877 0.627186 0.525195 0.705989 1.02968 
9 0.460891 0.406176 0.397716 0.361211 0.510919 0.67339 0.523353 0.420979 0.551432 0.814114 
1 0.570909 0.554689 0.547797 0.544391 0.621429 0.792813 0.653878 0.545879 0.62756 1.00497 
4 0.291852 0.274454 0.253522 0.285605 0.329087 0.476531 0.392384 0.270266 0.392062 0.664007 
1 0.356621 0.327657 0.319879 0.336233 0.419117 0.571239 0.434562 0.337622 0.493002 0.728527 
6 0.31139 0.28157 0.271371 0.266543 0.354126 0.491323 0.364709 0.282136 0.416664 0.629652 
4 0.574949 0.512353 0.493779 0.470967 0.6295 0.721322 0.618585 0.541652 0.703841 0.970189 
0 0.304428 0.291754 0.283241 0.271164 0.343974 0.508582 0.396031 0.307285 0.397445 0.719446 
8 0.410747 0.402858 0.383193 0.342226 0.467677 0.649206 0.506668 0.416831 0.512483 0.875565 
5 0.596023 0.518289 0.513197 0.502074 0.628864 0.805622 0.62069 0.535123 0.65415 0.936939 
2 0.700653 0.667655 0.648754 0.644028 0.772877 0.891085 0.745536 0.680726 0.883402 1.06352 
2 0.766738 0.702898 0.661943 0.689541 0.815912 0.906195 0.784182 0.720254 0.894137 1.15157 
1 0.547093 0.497671 0.449459 0.435529 0.576039 0.764258 0.567527 0.472968 0.661695 0.831898 
6 0.392872 0.355606 0.323733 0.349302 0.436989 0.555739 0.444933 0.354609 0.512956 0.699062 
0 0.204879 0.192794 0.186077 0.160922 0.253056 0.410238 0.326041 0.201003 0.246079 0.577489 
3 0.567505 0.626253 0.610855 0.529754 0.615242 0.845871 0.686334 0.596419 0.64511 1.08486 
2 0.512281 0.501608 0.478661 0.453738 0.583144 0.754038 0.603305 0.532736 0.662161 0.897054 
7 0.502473 0.519021 0.512759 0.507069 0.567152 0.733202 0.62026 0.530226 0.675601 0.997579 
0 0.36262 0.315603 0.319207 0.322986 0.413783 0.540682 0.441253 0.340777 0.464666 0.723903 
1 0.679887 0.672567 0.654742 0.610406 0.744311 0.918059 0.740104 0.651211 0.704352 1.07063 
4 0.260168 0.241324 0.228 0.244984 0.289832 0.436171 0.35581 0.241244 0.352588 0.600139 
0 0.477256 0.449415 0.436938 0.44084 0.518933 0.672934 0.570294 0.468461 0.559373 0.955936 
9 0.513841 0.553627 0.536126 0.460677 0.547034 0.755207 0.648807 0.52899 0.592498 1.0576 
7 0.231271 0.256154 0.241262 0.224712 0.27654 0.528244 0.352064 0.238515 0.278347 0.617263 
2 0.432013 0.385862 0.388139 0.379309 0.478279 0.595784 0.521878 0.406197 0.509472 0.901706 
0 0.535044 0.487669 0.439444 0.446433 0.540631 0.754856 0.565263 0.4677 0.596813 0.83655 
2 0.452001 0.483478 0.468161 0.413553 0.496223 0.696412 0.580624 0.471531 0.569309 0.994378 
1 0.289411 0.261968 0.264504 0.276568 0.34575 0.510466 0.394768 0.277788 0.371078 0.678507 
3 0.383314 0.341618 0.322342 0.317223 0.427219 0.561069 0.414045 0.349243 0.494792 0.666965 
6 0.527041 0.47689 0.473407 0.425794 0.58253 0.725486 0.569547 0.505778 0.632336 0.899197 
9 0.556695 0.483922 0.453529 0.422862 0.56536 0.766998 0.569992 0.479954 0.549489 0.812055 
7 0.622196 0.541016 0.555267 0.537272 0.672689 0.766477 0.650654 0.570729 0.743391 1.11116 
6 0.271067 0.253939 0.243083 0.235633 0.293385 0.444543 0.379058 0.259906 0.32307 0.679024 
1 0.387188 0.366518 0.346598 0.32533 0.436917 0.577045 0.474628 0.383564 0.492842 0.847797 
9 0.281973 0.267969 0.246642 0.277489 0.328385 0.46598 0.382252 0.265619 0.387938 0.682387 
2 0.575412 0.523986 0.506989 0.557604 0.644697 0.728679 0.634042 0.552512 0.753211 1.06923 
1 0.509146 0.526205 0.51556 0.542379 0.578549 0.750957 0.611935 0.522625 0.61086 0.958465 
9 0.247546 0.239534 0.214777 0.22952 0.285525 0.432098 0.333909 0.228496 0.334252 0.59144 
1 0.417941 0.39897 0.369979 0.336676 0.472826 0.607129 0.499138 0.40655 0.524541 0.803177 
6 0.399693 0.358383 0.332881 0.341766 0.461409 0.571009 0.437432 0.368934 0.517138 0.701447 
7 0.492016 0.449369 0.447195 0.452536 0.574299 0.686025 0.568303 0.479912 0.584416 0.924646 
6 0.429463 0.431175 0.404679 0.424115 0.477287 0.641159 0.514079 0.429061 0.545045 0.914786 
8 0.647419 0.588157 0.553628 0.562361 0.711381 0.80768 0.691147 0.612864 0.814397 1.1005 
8 0.6286 0.540166 0.511419 0.499866 0.65411 0.793191 0.634105 0.542785 0.676227 0.962174 
9 0.634169 0.553661 0.540258 0.524732 0.692492 0.816531 0.664562 0.576357 0.738941 1.00509 
7 0.468958 0.424185 0.406898 0.36503 0.522238 0.638826 0.539697 0.447351 0.630526 0.900473 
5 0.523219 0.477808 0.464862 0.440184 0.607801 0.676452 0.557594 0.497294 0.670351 0.860405 
3 0.273463 0.292319 0.263598 0.260883 0.313492 0.509081 0.392395 0.28495 0.341636 0.698251 
4 0.490102 0.451258 0.435416 0.464641 0.538029 0.667499 0.550583 0.475216 0.603981 0.886343 
8 0.416919 0.409772 0.380375 0.377646 0.473337 0.614018 0.501582 0.42266 0.522137 0.811319 
5 0.47937 0.426074 0.40552 0.397407 0.514657 0.660387 0.529775 0.440603 0.552602 0.86809 
0 0.351251 0.349815 0.352971 0.381269 0.415673 0.590228 0.445393 0.361223 0.495393 0.759598 
8 0.901029 0.842688 0.82464 0.774516 0.964406 1.08299 0.910817 0.857123 0.999252 1.26989 
3 0.506397 0.444533 0.42717 0.43148 0.542242 0.70036 0.552824 0.462029 0.586437 0.867637 
9 0.422379 0.389298 0.368557 0.356624 0.46145 0.634389 0.51614 0.394752 0.483239 0.759407 
7 0.425256 0.386692 0.397283 0.376615 0.484547 0.623496 0.502634 0.424688 0.590791 0.866575 
3 0.382672 0.372575 0.373685 0.355874 0.43118 0.599611 0.485172 0.376261 0.443888 0.834602 
5 0.67945 0.656626 0.626436 0.566291 0.760432 0.876688 0.735876 0.667716 0.825496 1.02917 
7 0.402911 0.400138 0.375771 0.350785 0.44963 0.635747 0.497739 0.402792 0.476603 0.782379 
4 0.403868 0.381322 0.392891 0.36578 0.45831 0.619456 0.498777 0.393114 0.538166 0.863685 
8 0.397368 0.421427 0.407995 0.422009 0.450663 0.633151 0.527803 0.414724 0.496998 0.912806 
9 0.882775 0.800105 0.77588 0.790364 0.970231 0.975606 0.871384 0.830214 1.06337 1.27554 
1 0.490629 0.457114 0.434532 0.443969 0.538628 0.701095 0.570585 0.450603 0.536529 0.888562 
2 0.242922 0.264779 0.251242 0.258445 0.278508 0.463053 0.376095 0.258547 0.338951 0.761355 
9 0.742273 0.649704 0.621667 0.637873 0.779538 0.866694 0.744495 0.678588 0.837816 1.08599 
9 0.533958 0.488921 0.48314 0.50273 0.595997 0.703265 0.599437 0.533485 0.672794 1.05168 
3 0.503359 0.46269 0.458125 0.459654 0.567803 0.685664 0.567497 0.494669 0.675262 0.913387 
5 0.659045 0.624743 0.584747 0.586528 0.715982 0.83553 0.688711 0.641015 0.818009 1.00055 
4 0.299097 0.284775 0.277154 0.250858 0.339456 0.530817 0.40419 0.272775 0.325448 0.628666 
1 0.531126 0.466839 0.452723 0.490744 0.562076 0.697285 0.588441 0.480496 0.658268 0.986478 
7 0.231765 0.211273 0.205508 0.185763 0.269993 0.420477 0.304582 0.217478 0.299874 0.519187 
8 0.355131 0.341019 0.335955 0.32776 0.402516 0.548949 0.467378 0.353488 0.450383 0.754425 
1 0.757862 0.689536 0.680684 0.670634 0.836097 0.903973 0.776961 0.71434 0.934505 1.19024 
9 0.33328 0.320003 0.303093 0.313071 0.392798 0.508431 0.405286 0.316567 0.462684 0.683568 
5 0.510444 0.460607 0.459629 0.442486 0.561839 0.690466 0.570758 0.466281 0.596033 0.873318 
1 0.479331 0.426756 0.415586 0.36624 0.535483 0.709783 0.544187 0.412214 0.527316 0.791365 
1 0.291845 0.263197 0.256891 0.254148 0.339187 0.469098 0.349281 0.271533 0.400073 0.601388 
9 0.415147 0.36425 0.355264 0.404678 0.463304 0.57521 0.459937 0.372357 0.527879 0.757089 
0 0.503378 0.465269 0.469722 0.505739 0.561844 0.683288 0.57676 0.480167 0.62185 0.978447 
8 0.366069 0.436807 0.414 0.366803 0.402903 0.647388 0.535229 0.411544 0.41433 0.89315 
1 0.434704 0.387948 0.378441 0.380707 0.503757 0.664933 0.505685 0.395282 0.546362 0.817585 
3 0.271677 0.252585 0.236038 0.259093 0.305148 0.454074 0.356391 0.248668 0.360644 0.616007 
6 0.29586 0.28622 0.277415 0.244805 0.335309 0.546061 0.394095 0.294969 0.370797 0.606489 
1 0.502543 0.474019 0.454605 0.439297 0.590565 0.714305 0.589122 0.487306 0.626543 0.932399 
5 0.187498 0.182394 0.170531 0.197621 0.215975 0.368493 0.310978 0.180429 0.244941 0.586852 
0 0.426746 0.458392 0.435611 0.4008 0.504753 0.663643 0.54362 0.4615 0.617196 0.921521 
3 0.327024 0.358022 0.353266 0.345184 0.391414 0.565942 0.487288 0.33845 0.442916 0.938204 
1 0.552745 0.493108 0.487683 0.46176 0.612325 0.718079 0.608715 0.525068 0.656394 0.929354 
8 0.355895 0.32881 0.313363 0.289381 0.417403 0.556917 0.420552 0.323553 0.462998 0.657534 
3 0.620726 0.605115 0.572106 0.634335 0.71087 0.838093 0.678086 0.610543 0.786118 1.082 
5 0.576683 0.533616 0.515603 0.488903 0.637457 0.776181 0.6319 0.538248 0.689781 0.907216 
8 0.378157 0.400517 0.384979 0.347989 0.450487 0.609689 0.512913 0.405088 0.515667 0.859741 
2 0.517046 0.495809 0.475865 0.525662 0.617514 0.718473 0.592121 0.515103 0.706142 0.961395 
4 0.443343 0.424359 0.384892 0.399342 0.462302 0.645009 0.521605 0.408194 0.51506 0.823286 
3 0.685668 0.620821 0.604642 0.636748 0.749428 0.827801 0.721409 0.645863 0.803988 1.05386 
5 0.386667 0.364383 0.344643 0.275776 0.422995 0.62474 0.455808 0.353988 0.465427 0.747129 
4 0.580756 0.526633 0.516622 0.456407 0.624129 0.779725 0.637303 0.537852 0.658281 0.959224 
4 0.51519 0.427196 0.432958 0.44749 0.554733 0.673754 0.556847 0.457053 0.613667 0.85761 
8 0.46617 0.445629 0.431801 0.415888 0.507862 0.660532 0.554285 0.46075 0.535442 0.897972 
0 0.894221 0.768105 0.739138 0.737988 0.936104 0.974592 0.852755 0.820768 1.0052 1.16891 
4 0.624663 0.560431 0.543306 0.499431 0.673867 0.79771 0.659634 0.586753 0.717638 1.00055 
4 0.460274 0.465519 0.427868 0.387859 0.511817 0.680705 0.552453 0.42512 0.528691 0.894525 
7 0.319637 0.322544 0.305932 0.339404 0.396071 0.538772 0.461821 0.310135 0.427827 0.817967 
3 0.377328 0.355401 0.349394 0.355763 0.428221 0.563583 0.489742 0.36662 0.474704 0.797189 
1 0.565565 0.528158 0.524729 0.496584 0.613265 0.737094 0.622902 0.55479 0.624894 0.929413 
4 0.23822 0.225367 0.210009 0.215199 0.287839 0.433884 0.311681 0.207441 0.303736 0.528507 
6 0.488137 0.472088 0.469462 0.424388 0.550329 0.70568 0.58797 0.481617 0.568848 0.908906 
0 0.520926 0.483588 0.469124 0.483038 0.601997 0.692674 0.601885 0.509409 0.659674 0.983643 
1 0.558442 0.521088 0.504019 0.44899 0.622694 0.777628 0.599481 0.500431 0.652776 0.957395 
6 0.234752 0.212987 0.209931 0.198678 0.274423 0.418177 0.311585 0.227942 0.322053 0.532498 
0 0.540503 0.499317 0.495669 0.491895 0.612371 0.707777 0.613496 0.514799 0.70978 1.03125 
9 0.433124 0.496996 0.485095 0.451778 0.472361 0.698322 0.599113 0.483736 0.524778 0.979517 
8 0.583832 0.575004 0.567822 0.486158 0.62163 0.783667 0.65301 0.587825 0.75332 1.09088 
7 0.717937 0.647322 0.625517 0.649552 0.78701 0.872116 0.744252 0.677955 0.839664 1.10838 
1 0.280438 0.278042 0.24783 0.301631 0.328219 0.47262 0.394437 0.280017 0.386333 0.712564 
7 0.28742 0.2652 0.252794 0.275341 0.336569 0.462909 0.376161 0.266587 0.398423 0.63358 
4 0.371554 0.331836 0.334702 0.375848 0.415575 0.559457 0.47097 0.353312 0.452774 0.860651 
9 0.447775 0.433071 0.423295 0.445035 0.511001 0.632419 0.533076 0.433611 0.559322 0.945925 
0 0.504984 0.459458 0.442713 0.430338 0.55543 0.712201 0.562139 0.456682 0.559725 0.862647 
6 0.534106 0.49106 0.49605 0.514963 0.602281 0.740724 0.621688 0.543303 0.640641 0.992478 
0 0.517856 0.521669 0.507903 0.4832 0.575115 0.757435 0.647096 0.539027 0.620335 1.0442 
4 0.594758 0.539112 0.525774 0.476568 0.655091 0.803909 0.634649 0.539624 0.675185 0.943599 
8 0.387856 0.345718 0.338768 0.364544 0.44001 0.559851 0.48423 0.363672 0.493475 0.854012 
9 0.594526 0.554462 0.52371 0.545405 0.664241 0.777008 0.637251 0.568902 0.749004 1.01723 
1 0.463511 0.428615 0.409218 0.388856 0.521907 0.636561 0.527126 0.438867 0.578605 0.85159 
5 0.483108 0.452024 0.422631 0.413962 0.561828 0.647562 0.502527 0.453515 0.662698 0.787436 
7 0.578822 0.575891 0.552883 0.560946 0.633961 0.793132 0.683676 0.607967 0.656196 0.953912 
7 0.462259 0.42882 0.424144 0.48037 0.553391 0.637667 0.555456 0.446444 0.571655 0.95819 
8 0.346807 0.338982 0.33729 0.375592 0.424942 0.523761 0.478249 0.343469 0.47941 0.925867 
4 0.462997 0.409609 0.387138 0.379471 0.507955 0.71736 0.532708 0.405362 0.525532 0.827819 
7 0.358027 0.387705 0.368609 0.337563 0.397213 0.635019 0.508305 0.384185 0.452397 0.800994 
7 0.356017 0.342491 0.346737 0.294326 0.386797 0.561525 0.46786 0.364214 0.425743 0.730952 
2 0.371695 0.379558 0.361529 0.356948 0.438487 0.582552 0.497732 0.366467 0.489659 0.858258 
2 0.57459 0.564038 0.547385 0.534493 0.626479 0.806528 0.662177 0.584068 0.674437 1.03459 
2 0.590974 0.541509 0.521833 0.528586 0.656625 0.746129 0.651618 0.54005 0.663255 1.00128 
6 0.465939 0.416899 0.380899 0.369446 0.480205 0.642406 0.529808 0.408121 0.52316 0.800302 
2 0.560048 0.500311 0.487263 0.486883 0.625673 0.723182 0.596839 0.531615 0.702926 0.952195 
8 0.557993 0.498403 0.467281 0.457864 0.592269 0.706209 0.626181 0.489407 0.639829 0.891329 
4 0.547266 0.506797 0.502228 0.4843 0.597257 0.745069 0.600836 0.530616 0.643115 0.924889 
6 0.520656 0.53153 0.518252 0.462468 0.589671 0.756217 0.651295 0.521992 0.610636 1.01755 
6 0.387676 0.380912 0.348042 0.338731 0.457164 0.581039 0.497335 0.386 0.525827 0.890299 
6 0.360282 0.343071 0.324531 0.334128 0.406099 0.58396 0.449938 0.357161 0.452647 0.799169 
2 0.607989 0.537371 0.48552 0.476781 0.631756 0.779837 0.625508 0.530098 0.71492 0.903399 
8 0.471553 0.433701 0.414099 0.41721 0.517208 0.652268 0.532712 0.427709 0.507714 0.837186 
5 0.398062 0.362449 0.358936 0.343709 0.460923 0.604616 0.499414 0.380878 0.477313 0.823815 
4 0.459028 0.433743 0.42659 0.409529 0.552193 0.66874 0.523839 0.443045 0.63295 0.861916 
1 0.453202 0.401936 0.396931 0.408668 0.504366 0.646459 0.545265 0.438727 0.529982 0.855244 
0 0.303721 0.279723 0.269034 0.315203 0.350351 0.476564 0.430057 0.283312 0.391154 0.70495 
0 0.695469 0.734372 0.710212 0.644573 0.774302 0.988986 0.818028 0.698182 0.774674 1.20504 
3 0.47014 0.506038 0.461056 0.4524 0.516909 0.763582 0.593015 0.459745 0.523883 0.905069 
0 0.493211 0.492869 0.472627 0.438215 0.552028 0.726976 0.594959 0.478572 0.602369 0.861431 
9 0.503841 0.519203 0.511415 0.48245 0.609268 0.728988 0.624724 0.505657 0.693611 0.986828 
7 0.352825 0.329155 0.321193 0.296994 0.404829 0.554961 0.453541 0.330843 0.427846 0.770531 
5 0.331546 0.304998 0.302421 0.318246 0.380162 0.520964 0.415447 0.322858 0.39648 0.754151 
2 0.448867 0.405065 0.390624 0.333889 0.478749 0.641274 0.501703 0.42096 0.497561 0.805793 
4 0.555186 0.567418 0.546644 0.52891 0.617148 0.798704 0.64552 0.550496 0.686406 0.977497 
7 0.338181 0.31423 0.308998 0.313915 0.3891 0.530547 0.453625 0.341752 0.452819 0.738073 
6 0.374945 0.360563 0.362071 0.41761 0.441869 0.577842 0.487928 0.389009 0.475407 0.861546 
2 0.382178 0.330824 0.322476 0.339413 0.41763 0.554193 0.452208 0.349085 0.489575 0.792525 
6 0.54735 0.571298 0.527278 0.559292 0.60759 0.772929 0.646485 0.537511 0.628736 1.01669 
7 0.853692 0.815922 0.787373 0.755395 0.954435 1.01829 0.8891 0.811169 1.00717 1.28479 
3 0.520836 0.479898 0.477569 0.468282 0.595279 0.699146 0.574364 0.482738 0.665563 0.916261 
1 0.597295 0.588578 0.563838 0.553708 0.668083 0.812058 0.695453 0.631294 0.737777 1.02486 
1 0.303182 0.290566 0.273201 0.287599 0.358216 0.482176 0.390098 0.293623 0.431356 0.63296 
2 0.475991 0.429737 0.401249 0.394372 0.538839 0.659544 0.490188 0.432423 0.598322 0.737882 
9 0.480635 0.485265 0.4411 0.489704 0.53793 0.675809 0.575461 0.48158 0.52348 0.886128 
9 0.733731 0.698673 0.683155 0.622656 0.801055 0.923946 0.779942 0.706392 0.86465 1.13769 
1 0.383141 0.357283 0.329131 0.361134 0.449883 0.581282 0.475187 0.369123 0.481833 0.855638 
6 0.473737 0.435446 0.40167 0.428377 0.542495 0.639955 0.510657 0.427788 0.620252 0.77306 
1 0.490912 0.43405 0.425358 0.401533 0.541364 0.665645 0.553428 0.460507 0.592734 0.879107 
6 0.386963 0.356266 0.328025 0.32579 0.444859 0.579559 0.418126 0.335253 0.513947 0.668468 
3 0.665037 0.593479 0.577429 0.585804 0.742266 0.786414 0.680828 0.627469 0.83366 1.08019 
8 0.443889 0.441901 0.424994 0.485612 0.51427 0.663138 0.523836 0.452887 0.540436 0.850883 
6 0.606357 0.546148 0.5121 0.49302 0.661024 0.773326 0.635348 0.544015 0.689193 0.98494 
0 0.589998 0.511739 0.512416 0.490591 0.657343 0.743668 0.614471 0.535574 0.734293 0.940398 
1 0.574712 0.549102 0.53004 0.470737 0.644449 0.791675 0.639087 0.5279 0.668907 0.971911 
6 0.184614 0.165968 0.163573 0.163275 0.215309 0.366773 0.271207 0.164003 0.247307 0.480693 
0 0.511593 0.451281 0.434818 0.425035 0.533361 0.693885 0.570132 0.47429 0.562218 0.846931 
2 0.800895 0.755987 0.761651 0.769094 0.911746 0.965111 0.858157 0.808026 1.03988 1.28684 
8 0.491413 0.491735 0.481475 0.463934 0.58648 0.705798 0.574953 0.474649 0.627541 0.926141 
2 0.505151 0.455267 0.437116 0.460891 0.569089 0.709162 0.569705 0.455147 0.565537 0.907439 
1 0.532577 0.519397 0.501509 0.536769 0.618454 0.759844 0.616948 0.516815 0.665435 0.945094 
6 0.289051 0.266315 0.256297 0.297267 0.332929 0.458511 0.398055 0.266855 0.383188 0.722511 
5 0.878645 0.78856 0.762926 0.731722 0.949757 0.986663 0.865223 0.799432 0.997187 1.24519 
8 0.743744 0.67699 0.633013 0.596792 0.801846 0.919808 0.765534 0.639035 0.862476 1.08585 
2 0.455104 0.42101 0.409101 0.375038 0.524148 0.69803 0.527994 0.432758 0.571681 0.824897 
8 0.363012 0.376004 0.373737 0.395941 0.409151 0.580208 0.486887 0.363258 0.452666 0.846879 
8 0.499364 0.438992 0.445119 0.407244 0.546802 0.693715 0.544253 0.446645 0.576508 0.901495 
7 0.669013 0.601849 0.589386 0.6005 0.737453 0.844591 0.696012 0.623169 0.774444 1.05924 
7 0.329021 0.310369 0.312973 0.340743 0.371786 0.521112 0.429557 0.309027 0.434949 0.808119 
7 0.417208 0.422197 0.419107 0.457054 0.489143 0.62175 0.56081 0.431454 0.539125 0.950211 
0 0.572316 0.552994 0.551461 0.527614 0.640906 0.769972 0.65828 0.577252 0.733142 1.00526 
2 0.623462 0.625835 0.554157 0.537758 0.651146 0.879471 0.673136 0.589348 0.661106 0.97832 
2 0.432771 0.438753 0.42375 0.423032 0.502125 0.657027 0.524619 0.42364 0.579187 0.854342 
1 0.545025 0.529451 0.505714 0.538398 0.610864 0.750074 0.632356 0.542462 0.665448 0.998696 
5 0.280907 0.245344 0.234681 0.234422 0.303098 0.465206 0.33519 0.251738 0.364704 0.588685 
6 0.383623 0.373209 0.360887 0.32175 0.450482 0.615301 0.48989 0.392688 0.465171 0.800652 
5 0.535647 0.464013 0.4412 0.400118 0.573752 0.69527 0.563408 0.463497 0.623027 0.881457 
0 0.504483 0.460001 0.457986 0.493165 0.583986 0.687039 0.559949 0.454337 0.68716 0.926233 
5 0.627482 0.668596 0.64076 0.565557 0.67997 0.904777 0.729966 0.648439 0.712261 1.17622 
2 0.459208 0.447272 0.42143 0.411191 0.514637 0.675897 0.550605 0.449361 0.56716 0.84862 
7 0.754168 0.666449 0.599683 0.640771 0.799677 0.906999 0.740793 0.650096 0.868025 1.03527 
3 0.470268 0.430993 0.437831 0.448675 0.550556 0.667417 0.537452 0.433483 0.63566 0.875386 
2 0.31782 0.305302 0.289597 0.247721 0.375716 0.534171 0.408054 0.296541 0.389626 0.691198 
9 0.620154 0.654331 0.62886 0.615913 0.685413 0.865109 0.724269 0.639578 0.77344 1.13907 
6 0.545038 0.508769 0.494806 0.481265 0.585742 0.759837 0.599908 0.506735 0.628755 0.943941 
5 0.7342 0.659967 0.628677 0.62622 0.818452 0.868178 0.742184 0.677985 0.829914 1.10932 
0 0.402622 0.379213 0.370698 0.384611 0.441198 0.61708 0.472725 0.39717 0.517854 0.823692 
8 0.424331 0.480611 0.46934 0.410697 0.467796 0.693419 0.57089 0.451359 0.544182 0.964699 
2 0.601341 0.525423 0.501734 0.499175 0.648383 0.827348 0.634741 0.549132 0.668836 0.909824 
6 0.370815 0.386472 0.391217 0.389504 0.437139 0.590041 0.490096 0.399753 0.492305 0.829783 
6 0.587847 0.51934 0.490974 0.478903 0.605121 0.750953 0.622817 0.538741 0.624261 0.882085 
0 0.508298 0.448815 0.428514 0.417721 0.558524 0.660561 0.564652 0.476501 0.605189 0.8744 
8 0.558044 0.569993 0.549041 0.50614 0.626902 0.788235 0.643934 0.538534 0.743825 1.03872 
9 0.709593 0.627136 0.623276 0.596988 0.780349 0.854007 0.736542 0.629662 0.850354 1.09441 
6 0.343357 0.308636 0.313658 0.296849 0.394047 0.547741 0.429424 0.333407 0.430154 0.753737 
3 0.637477 0.554169 0.534392 0.52931 0.683993 0.775433 0.666162 0.601322 0.781982 1.06535 
2 0.345246 0.300652 0.291474 0.249724 0.357999 0.587071 0.421162 0.301438 0.392234 0.640641 
1 0.496307 0.461571 0.409456 0.392266 0.51585 0.681598 0.529529 0.439281 0.596244 0.791432 
8 0.320434 0.310308 0.296815 0.329797 0.368688 0.499268 0.436509 0.312809 0.418275 0.794541 
0 0.660516 0.571416 0.557903 0.543137 0.710602 0.824936 0.668625 0.581388 0.763422 1.05546 
0 0.78101 0.831237 0.80575 0.731398 0.894014 1.04983 0.878424 0.783511 0.917153 1.30061 
5 0.605934 0.592951 0.572288 0.549079 0.679898 0.821848 0.699417 0.627 0.767245 1.04066 
5 0.39282 0.420475 0.362856 0.341442 0.44584 0.67703 0.496875 0.385001 0.435857 0.734387 
3 0.613763 0.551655 0.52567 0.507504 0.647361 0.803719 0.649142 0.553773 0.638889 0.895038 
3 0.521697 0.493086 0.473056 0.482399 0.58489 0.702172 0.597667 0.521438 0.621281 0.884121 
4 0.398107 0.382433 0.362426 0.352174 0.45341 0.610831 0.462384 0.38583 0.448945 0.79631 
6 0.41496 0.386457 0.389119 0.379104 0.460314 0.610746 0.500798 0.41621 0.47629 0.801447 
8 0.624226 0.621546 0.597762 0.593109 0.663389 0.85633 0.719352 0.615014 0.677218 1.06946 
6 0.515518 0.45155 0.426776 0.425129 0.539593 0.697423 0.567648 0.463741 0.62084 0.897463 
0 0.592689 0.554556 0.540457 0.541518 0.686699 0.776745 0.652951 0.566435 0.753147 1.05734 
0 0.643315 0.686168 0.676579 0.605411 0.718652 0.917744 0.755208 0.662375 0.728046 1.13376 
0 0.539623 0.521009 0.501283 0.456978 0.597288 0.785032 0.618055 0.554357 0.606301 0.962106 
8 0.54866 0.528389 0.505298 0.493992 0.639683 0.750619 0.638546 0.562421 0.729319 1.03632 
9 0.682418 0.613053 0.592365 0.599298 0.764899 0.853862 0.71024 0.625673 0.795357 1.08352 
3 0.378144 0.348233 0.335461 0.304436 0.443898 0.557537 0.453872 0.35411 0.511326 0.722448 
2 0.340095 0.33211 0.324852 0.286372 0.396727 0.579591 0.449286 0.320641 0.437922 0.722933 
1 0.323048 0.33159 0.301246 0.316601 0.374482 0.524332 0.439619 0.30176 0.420206 0.771788 
2 0.242915 0.224427 0.211439 0.221388 0.26976 0.427156 0.325736 0.227802 0.32844 0.60124 
7 0.657735 0.647895 0.615524 0.675902 0.736632 0.867705 0.741058 0.659061 0.754432 1.06739 
2 0.293201 0.310134 0.284949 0.238343 0.329924 0.533481 0.409217 0.306408 0.376724 0.672555 
2 0.431602 0.400821 0.384849 0.412214 0.475795 0.610556 0.507426 0.430772 0.506339 0.859693 
2 0.544826 0.53805 0.52459 0.546479 0.625916 0.746349 0.631488 0.534167 0.680536 1.05437 
2 0.608972 0.552887 0.502142 0.525261 0.658902 0.772909 0.642727 0.554223 0.684647 0.926547 
1 0.64941 0.588844 0.559888 0.576691 0.706151 0.818379 0.688991 0.599562 0.79927 1.05072 
1 0.37474 0.333646 0.312947 0.337009 0.422412 0.551899 0.421475 0.335423 0.491199 0.679966 
2 0.382248 0.343511 0.333332 0.305135 0.438058 0.575817 0.424537 0.342184 0.505463 0.66112 
3 0.551005 0.547786 0.507478 0.528995 0.580573 0.795075 0.623465 0.529081 0.630066 0.942152 
9 0.507675 0.46696 0.459725 0.5114 0.563104 0.696416 0.574305 0.498506 0.629695 0.851443 
8 0.47163 0.412108 0.41749 0.389214 0.524463 0.65871 0.536352 0.452175 0.562295 0.834339 
7 0.539964 0.46407 0.447391 0.4394 0.578569 0.730928 0.582854 0.478377 0.572358 0.835421 
4 0.431204 0.390345 0.374505 0.360622 0.465529 0.656882 0.490677 0.386311 0.505355 0.811152 
8 0.286033 0.263652 0.261248 0.289841 0.329547 0.488809 0.427231 0.281028 0.387235 0.786073 
8 0.374753 0.36741 0.345371 0.382045 0.455522 0.59669 0.45817 0.366431 0.51896 0.825095 
3 0.554133 0.508147 0.50189 0.462536 0.632975 0.736526 0.589968 0.509549 0.708412 0.953495 
6 0.578488 0.52655 0.51327 0.462561 0.652401 0.766191 0.621574 0.533119 0.725981 0.936089 
8 0.544935 0.524267 0.506213 0.47638 0.620272 0.741869 0.623782 0.529946 0.682582 1.02562 
5 0.49016 0.43785 0.415552 0.40964 0.560501 0.705759 0.5352 0.445688 0.56351 0.83525 
3 0.572175 0.567168 0.509976 0.470327 0.599204 0.772594 0.628849 0.532114 0.60845 0.885635 
4 0.548776 0.488121 0.475627 0.435564 0.5923 0.714121 0.595297 0.522315 0.616173 0.859049 
7 0.425545 0.388342 0.375389 0.356292 0.457882 0.616315 0.51642 0.399205 0.478329 0.846012 
7 0.472696 0.433269 0.430856 0.394116 0.525574 0.667155 0.55738 0.435937 0.581917 0.915677 
7 0.325951 0.286281 0.29747 0.320582 0.352515 0.512218 0.423838 0.310482 0.42057 0.810755 
5 0.540034 0.52369 0.511185 0.540043 0.607693 0.726166 0.615177 0.507204 0.670588 1.01622 
6 0.298763 0.295315 0.274072 0.28199 0.341996 0.484421 0.40656 0.284883 0.373048 0.719251 
3 0.412565 0.371457 0.35529 0.329558 0.444063 0.584406 0.48703 0.370262 0.47838 0.815486 
9 0.415795 0.414338 0.388261 0.351978 0.468628 0.648159 0.491542 0.388369 0.475427 0.761423 
2 0.489852 0.477808 0.474092 0.437516 0.528956 0.706304 0.57747 0.481532 0.554444 0.917999 
2 0.470435 0.464093 0.440237 0.476286 0.524892 0.710147 0.57004 0.463497 0.542207 0.853232 
4 0.42243 0.394855 0.359656 0.371918 0.42347 0.602066 0.481532 0.381804 0.450665 0.776209 
0 0.52266 0.505883 0.496363 0.506541 0.598037 0.723271 0.605513 0.51687 0.698713 1.03843 
0 0.442412 0.50033 0.472319 0.416869 0.504573 0.721715 0.594399 0.458357 0.47191 0.95334 
9 0.449297 0.43174 0.402242 0.365831 0.51806 0.664283 0.542906 0.43475 0.562877 0.860329 
2 0.509429 0.480918 0.471092 0.4639 0.562871 0.682704 0.593409 0.498549 0.647885 1.0395 
9 0.480506 0.479716 0.471864 0.521365 0.558549 0.724137 0.586225 0.492221 0.587281 0.889969 
7 0.466125 0.426646 0.414268 0.430713 0.522212 0.652714 0.537478 0.449726 0.595266 0.888514 
6 0.487437 0.464909 0.449836 0.430108 0.552007 0.670348 0.54139 0.474016 0.598386 0.824753 
5 0.255267 0.264214 0.262102 0.232819 0.301213 0.477851 0.388736 0.287515 0.340115 0.750004 
6 0.385447 0.380309 0.368171 0.318723 0.425582 0.603011 0.484645 0.378003 0.394204 0.804254 
7 0.426586 0.366522 0.364338 0.338688 0.462767 0.59648 0.510929 0.381664 0.524497 0.824682 
2 0.489832 0.477827 0.463774 0.418531 0.538927 0.686892 0.5636 0.472743 0.596916 0.913148 
6 0.533438 0.545522 0.521378 0.534101 0.6035 0.767297 0.617374 0.563341 0.669207 0.939766 
2 0.525974 0.477144 0.451227 0.432946 0.591902 0.684906 0.591514 0.496027 0.640507 0.935309 
6 0.541023 0.512611 0.465218 0.434362 0.578089 0.774835 0.58104 0.504987 0.639746 0.857331 
4 0.42139 0.39237 0.362127 0.367579 0.480045 0.617156 0.512291 0.393741 0.493527 0.788892 
0 0.3902 0.469206 0.401488 0.394022 0.439901 0.682904 0.54967 0.42495 0.529349 0.833234 
0 0.60867 0.630649 0.611483 0.533462 0.671269 0.852714 0.708492 0.592436 0.683688 1.06898 
6 0.522943 0.493154 0.453079 0.419162 0.588726 0.747747 0.587447 0.496009 0.590797 0.880181 
2 0.466633 0.426324 0.414646 0.367928 0.51205 0.664119 0.555367 0.417623 0.507906 0.886081 
5 0.430523 0.441954 0.437437 0.454003 0.493837 0.659475 0.554064 0.435401 0.551912 1.01771 
7 0.47822 0.418803 0.412578 0.349029 0.520338 0.677886 0.516825 0.408395 0.533786 0.852036 
6 0.309553 0.301956 0.29059 0.323489 0.35252 0.498028 0.417372 0.304379 0.397746 0.788005 
0 0.466864 0.412105 0.413085 0.439536 0.539784 0.62556 0.531774 0.415698 0.608072 0.884295 
8 0.593075 0.603852 0.586252 0.56918 0.668961 0.824844 0.697724 0.634017 0.764189 1.11506 
6 0.497155 0.510548 0.496692 0.543427 0.581022 0.71736 0.594591 0.508562 0.674635 1.00536 
1 0.721681 0.609022 0.600116 0.545456 0.780091 0.836839 0.6986 0.625587 0.871491 1.00582 
4 0.296181 0.275133 0.265328 0.277387 0.330337 0.471395 0.378539 0.271758 0.40052 0.66685 
5 0.383462 0.338637 0.330171 0.368747 0.426517 0.557377 0.49591 0.364725 0.527943 0.83789 
2 0.311763 0.333763 0.333171 0.322125 0.388083 0.576976 0.442095 0.323072 0.443421 0.732447 
7 0.639667 0.652397 0.61806 0.620056 0.715657 0.920389 0.712113 0.666998 0.758531 1.05549 
2 0.338148 0.325051 0.327158 0.339328 0.416587 0.535096 0.462888 0.331818 0.461885 0.773871 
0 0.613275 0.629109 0.577963 0.574952 0.661582 0.864656 0.707837 0.615544 0.702728 1.00219 
4 0.37939 0.345529 0.335755 0.332934 0.420981 0.62049 0.486688 0.347781 0.430269 0.76902 
3 0.367097 0.343204 0.347045 0.309551 0.386859 0.582486 0.470819 0.360846 0.416696 0.783743 
8 0.453774 0.443251 0.415586 0.368917 0.505956 0.651395 0.541651 0.428568 0.539943 0.790347 
7 0.413194 0.373125 0.371188 0.369318 0.462116 0.612948 0.4865 0.390355 0.504389 0.870273 
5 0.355188 0.34579 0.339696 0.302194 0.414671 0.565998 0.454358 0.342221 0.451285 0.728014 
2 0.594064 0.561065 0.532992 0.500863 0.668491 0.772525 0.644777 0.555917 0.709134 1.0145 
8 0.585457 0.563815 0.542747 0.546445 0.636388 0.782183 0.654018 0.565564 0.711973 1.09246 
2 0.703691 0.658583 0.650701 0.653311 0.804536 0.875972 0.75007 0.677431 0.858563 1.18092 
8 0.386237 0.368877 0.355351 0.36624 0.434392 0.628245 0.482327 0.363239 0.468151 0.750433 
7 0.407959 0.368676 0.352221 0.339984 0.453255 0.654444 0.477874 0.373283 0.512976 0.821112 
1 0.33872 0.306747 0.311161 0.30297 0.386601 0.52956 0.450685 0.330862 0.421772 0.727501 
8 0.236094 0.218237 0.209523 0.183188 0.273582 0.441275 0.307143 0.215517 0.30589 0.523938 
1 0.744091 0.65713 0.637816 0.606979 0.820048 0.888282 0.738713 0.654573 0.876011 1.06198 
5 0.330961 0.299366 0.289809 0.328203 0.367521 0.505346 0.421129 0.31379 0.427968 0.696469 
8 0.701757 0.660783 0.627433 0.632562 0.775639 0.897757 0.7258 0.678016 0.863927 1.06811 
3 0.510489 0.466881 0.443788 0.478852 0.56993 0.690479 0.577975 0.464843 0.595682 0.944537 
5 0.393199 0.369644 0.351892 0.349506 0.421064 0.613437 0.48197 0.391512 0.476271 0.749308 
6 0.280503 0.283019 0.268969 0.294138 0.34921 0.493561 0.388663 0.275894 0.4191 0.693897 
0 0.449028 0.463179 0.446571 0.4153 0.486453 0.698148 0.555938 0.457157 0.5355 0.897698 
5 0.438597 0.453651 0.435776 0.414652 0.518215 0.675579 0.532609 0.429024 0.453759 0.852075 
0 0.822226 0.774515 0.735188 0.710018 0.90524 0.991959 0.839911 0.779565 1.001 1.17477 
0 0.588945 0.599483 0.608046 0.617098 0.672188 0.809492 0.727518 0.593374 0.803311 1.20464 
2 0.394433 0.4882 0.428098 0.38329 0.445793 0.738164 0.549685 0.409881 0.456521 0.843901 
2 0.591816 0.587065 0.54256 0.594525 0.670247 0.807165 0.673225 0.574499 0.697089 1.01008 
6 0.788216 0.711687 0.67497 0.682142 0.84693 0.978707 0.764246 0.711764 0.893357 1.04377 
3 0.439149 0.397752 0.388508 0.36971 0.505032 0.609131 0.512346 0.401702 0.577134 0.890625 
9 0.410779 0.375557 0.384519 0.331425 0.45988 0.608583 0.482997 0.389161 0.520891 0.819004 
4 0.529411 0.472593 0.462603 0.414814 0.567762 0.708151 0.579815 0.4892 0.631984 0.996998 
8 0.478971 0.439565 0.423082 0.466099 0.527252 0.656374 0.577721 0.47485 0.612465 0.986152 
1 0.712625 0.621386 0.59973 0.59386 0.76652 0.833206 0.697131 0.643506 0.85224 1.06725 
0 0.217616 0.213818 0.19529 0.214014 0.257889 0.407173 0.323811 0.207447 0.305366 0.573652 
1 0.328148 0.299931 0.292779 0.265358 0.37065 0.540258 0.435088 0.3091 0.380368 0.711053 
6 0.36684 0.345908 0.339003 0.373035 0.427271 0.547223 0.469689 0.352264 0.492625 0.82725 
3 0.489871 0.428569 0.404484 0.413374 0.525486 0.664785 0.538041 0.44564 0.55984 0.913486 
4 0.630437 0.57679 0.551443 0.550315 0.693933 0.805022 0.676872 0.609782 0.778363 0.973497 
3 0.497662 0.507923 0.494147 0.475187 0.531533 0.729569 0.6065 0.519074 0.585606 0.970376 
1 0.544549 0.54284 0.52117 0.50857 0.609986 0.776535 0.647537 0.557244 0.699531 0.944108 
3 0.353968 0.325043 0.316632 0.319312 0.411867 0.522041 0.417085 0.329991 0.492011 0.688271 
0 0.465014 0.453219 0.443112 0.392624 0.518933 0.697062 0.544978 0.478998 0.557219 0.880928 
9 0.567935 0.50025 0.492916 0.428803 0.619518 0.75327 0.603283 0.50802 0.648658 0.945965 
3 0.486865 0.431126 0.433426 0.409478 0.527298 0.646312 0.537423 0.469649 0.605048 0.879656 
3 0.356332 0.337112 0.317595 0.318723 0.400972 0.541391 0.455141 0.352873 0.427584 0.733954 
3 0.873327 0.810524 0.777523 0.740656 0.92905 1.04193 0.870964 0.814976 1.07089 1.21145 
2 0.39257 0.34232 0.336141 0.337094 0.422412 0.575712 0.474179 0.358062 0.486027 0.789098 
7 0.588437 0.575341 0.548231 0.533138 0.659594 0.792643 0.65316 0.571417 0.721525 1.04851 
5 0.381253 0.358098 0.367976 0.380954 0.454737 0.581429 0.502288 0.36782 0.513711 0.894835 
2 0.475554 0.492255 0.481497 0.453585 0.527236 0.748623 0.569168 0.504646 0.602516 0.890808 
0 0.421563 0.411335 0.408802 0.421779 0.487403 0.629709 0.520398 0.427952 0.554162 0.83616 
8 0.510919 0.544259 0.533937 0.47124 0.579798 0.810023 0.62918 0.454806 0.56248 0.980308 
9 0.621766 0.574708 0.546835 0.511979 0.680161 0.826377 0.675573 0.577386 0.739938 1.00822 
2 0.492601 0.453712 0.445028 0.451905 0.56424 0.677627 0.579575 0.488518 0.655889 0.950656 
2 0.584507 0.588775 0.570939 0.533624 0.643679 0.84002 0.662 0.606207 0.670409 0.971811 
0 0.61973 0.607664 0.59373 0.622435 0.705004 0.832488 0.693653 0.625064 0.779987 1.0666 
5 0.66744 0.718419 0.715341 0.644607 0.723206 0.927468 0.779758 0.71674 0.765205 1.23799 
6 0.62824 0.56768 0.537514 0.514281 0.678421 0.801048 0.639647 0.571429 0.683375 0.94837 
6 0.549258 0.479067 0.471374 0.457617 0.599364 0.709661 0.604711 0.505718 0.660167 0.965891 
2 0.508221 0.469308 0.425957 0.429707 0.561978 0.707305 0.581795 0.491867 0.590158 0.90984 
5 0.462625 0.409199 0.383795 0.386981 0.504857 0.610221 0.529569 0.4056 0.50584 0.801312 
7 0.707917 0.650686 0.639568 0.587466 0.776832 0.916966 0.738139 0.654043 0.812287 1.04453 
3 0.297228 0.282385 0.284824 0.291615 0.369659 0.496712 0.421324 0.290584 0.409209 0.72426 
9 0.492922 0.460532 0.452762 0.410629 0.546549 0.674703 0.556019 0.479972 0.582837 0.9053 
9 0.580846 0.528037 0.544077 0.500445 0.629944 0.750973 0.650378 0.560984 0.659188 1.0153 
7 0.354026 0.323424 0.305109 0.291904 0.397621 0.547521 0.434301 0.336538 0.463605 0.71514 
7 0.326934 0.306216 0.298246 0.307607 0.379516 0.513121 0.426245 0.31823 0.422674 0.714734 
2 0.44132 0.402262 0.407336 0.409802 0.519511 0.638826 0.536297 0.430072 0.566604 0.885679 
1 0.738028 0.681275 0.655453 0.639961 0.787738 0.923963 0.778187 0.691677 0.856946 1.17245 
4 0.231277 0.218726 0.203943 0.240091 0.263905 0.416726 0.348111 0.217417 0.309298 0.641027 
9 0.519288 0.494121 0.474421 0.453943 0.566584 0.694821 0.5729 0.526785 0.644132 0.928427 
2 0.394683 0.34989 0.355342 0.338791 0.450606 0.567245 0.474032 0.380768 0.529081 0.794442 
2 0.548288 0.52066 0.488928 0.515577 0.613776 0.753602 0.624036 0.528363 0.635699 0.898235 
3 0.515017 0.471956 0.430201 0.420773 0.544958 0.683918 0.578637 0.458406 0.547571 0.862929 
3 0.546977 0.499359 0.481891 0.490113 0.610817 0.738492 0.613805 0.524842 0.650225 0.876209 
5 0.667915 0.647538 0.623874 0.645272 0.752387 0.87444 0.736789 0.669135 0.840412 1.03636 
7 0.436541 0.409468 0.399064 0.378584 0.480685 0.629869 0.497923 0.410326 0.475401 0.793611 
7 0.391369 0.362627 0.378511 0.402206 0.453627 0.588758 0.498553 0.383972 0.526428 0.887432 
8 0.557466 0.533582 0.52769 0.4691 0.630093 0.746602 0.644254 0.535251 0.702607 0.984649 
3 0.581057 0.528287 0.512152 0.538116 0.657064 0.77134 0.650397 0.555423 0.65479 1.03209 
8 0.611977 0.563155 0.573324 0.520274 0.681519 0.785833 0.663016 0.570187 0.739203 1.02969 
1 0.624881 0.593441 0.57116 0.555933 0.698834 0.824093 0.675102 0.620289 0.79723 1.09092 
1 0.372344 0.346143 0.330679 0.294581 0.438342 0.588613 0.423356 0.343737 0.492747 0.669573 
3 0.247084 0.229813 0.222963 0.229793 0.291133 0.438324 0.356079 0.228454 0.33383 0.720583 
8 0.346428 0.344057 0.336609 0.315544 0.400492 0.596989 0.454144 0.327043 0.414151 0.682936 
9 0.543888 0.499818 0.489248 0.476133 0.614024 0.72884 0.589232 0.515475 0.681463 0.986653 
6 0.540734 0.488098 0.471729 0.480114 0.587523 0.716034 0.602915 0.525104 0.682224 1.03186 
9 0.508048 0.494364 0.494022 0.486695 0.552528 0.733546 0.6146 0.51341 0.570191 0.970412 
5 0.438031 0.415067 0.39864 0.357997 0.480721 0.653791 0.530224 0.432709 0.488463 0.794319 
4 0.515254 0.494315 0.487393 0.494359 0.588432 0.738364 0.590406 0.488219 0.672711 0.912906 
3 0.47522 0.452138 0.434376 0.404244 0.52167 0.707262 0.565006 0.481343 0.563305 0.859757 
3 0.436201 0.397153 0.392765 0.387245 0.484325 0.621524 0.521009 0.42406 0.551631 0.8822 
2 0.59495 0.62535 0.587418 0.531885 0.666395 0.836196 0.69744 0.600945 0.750142 0.981345 
8 0.683728 0.641951 0.610807 0.66418 0.750528 0.856501 0.738441 0.661613 0.781739 1.04208 
9 0.439612 0.404523 0.380015 0.424865 0.50181 0.631248 0.501891 0.404668 0.547801 0.852541 
9 0.361213 0.323481 0.330098 0.351458 0.410633 0.533445 0.45799 0.341843 0.482146 0.877843 
7 0.442553 0.410709 0.397014 0.402641 0.487558 0.649118 0.521646 0.386341 0.50187 0.83657 
6 0.360102 0.362596 0.382959 0.374816 0.423253 0.583221 0.495594 0.366851 0.505911 0.92432 
2 0.449387 0.44398 0.413531 0.423569 0.516114 0.675244 0.565852 0.422361 0.489627 0.883027 
8 0.570511 0.554135 0.539231 0.593399 0.629933 0.789886 0.648133 0.571898 0.663319 0.909733 
2 0.619833 0.552918 0.551439 0.523368 0.692296 0.819275 0.645358 0.562951 0.756344 0.997408 
5 0.615523 0.620696 0.597896 0.636466 0.704958 0.835822 0.718112 0.620983 0.740642 1.08606 
5 0.499679 0.491705 0.474643 0.444753 0.553153 0.699786 0.57276 0.494919 0.656171 0.893293 
2 0.347185 0.324793 0.315019 0.335969 0.392446 0.54864 0.429174 0.309891 0.420852 0.736931 
0 0.407246 0.406738 0.393086 0.401166 0.463675 0.64003 0.505037 0.396939 0.497363 0.791929 
7 0.473371 0.456985 0.435941 0.411507 0.534605 0.689576 0.573787 0.476342 0.611109 0.975298 
0 0.424421 0.414687 0.415743 0.445751 0.492908 0.631192 0.523604 0.422258 0.529548 0.92178 
3 0.66365 0.647417 0.617752 0.570059 0.756327 0.907603 0.735214 0.583081 0.761356 1.08481 
1 0.527143 0.514371 0.474213 0.430406 0.57196 0.755177 0.606838 0.465568 0.580325 0.930948 
9 0.185032 0.177452 0.17517 0.16654 0.22496 0.382191 0.277496 0.171573 0.27267 0.491766 
2 0.415031 0.399899 0.390576 0.42056 0.497731 0.601511 0.523858 0.409924 0.59868 0.940466 
0 0.645537 0.593805 0.543419 0.588131 0.730131 0.827348 0.703233 0.571119 0.801565 1.03157 
2 0.577512 0.528367 0.533126 0.535013 0.665254 0.734124 0.649517 0.531621 0.775115 1.11422 
6 0.688436 0.717664 0.712402 0.685765 0.763406 0.924928 0.802263 0.723787 0.840565 1.25526 
4 0.668493 0.587846 0.565871 0.559428 0.727637 0.820315 0.681189 0.617883 0.793113 1.04332 
3 0.389879 0.399971 0.394599 0.410006 0.448169 0.622932 0.512269 0.39337 0.497043 0.913037 
6 0.584288 0.572371 0.532671 0.537136 0.628105 0.762305 0.642992 0.576765 0.751459 0.975254 
7 0.519628 0.477865 0.441893 0.458938 0.568882 0.707328 0.576142 0.505383 0.591929 0.937639 
8 0.388331 0.368013 0.366692 0.3537 0.446408 0.587599 0.476129 0.392706 0.497427 0.744394 
5 0.518941 0.457566 0.442968 0.456466 0.563677 0.726855 0.583697 0.480423 0.616691 0.93985 
3 0.334532 0.313236 0.291695 0.26916 0.376842 0.536996 0.413298 0.314076 0.444246 0.732486 
2 0.492273 0.421317 0.430457 0.395813 0.527939 0.660945 0.534744 0.456578 0.562218 0.872002 
2 0.432122 0.40926 0.416909 0.450039 0.481429 0.640483 0.524564 0.420065 0.512541 0.868273 
3 0.538544 0.491891 0.453248 0.480736 0.583609 0.724666 0.588474 0.502094 0.623302 0.910675 
2 0.759288 0.745227 0.727896 0.685995 0.820414 0.929581 0.81108 0.770934 0.953219 1.16294 
4 0.646719 0.601967 0.594541 0.593911 0.691191 0.859796 0.69956 0.632275 0.745136 0.980161 
6 0.342497 0.308582 0.306076 0.324392 0.36608 0.536261 0.431025 0.317115 0.442033 0.766698 
4 0.566734 0.511132 0.482043 0.451667 0.627238 0.723465 0.602514 0.521785 0.689148 0.968802 
8 0.4552 0.418579 0.411438 0.384185 0.475015 0.639636 0.525065 0.43185 0.509357 0.863649 
4 0.49499 0.475631 0.44749 0.481972 0.567101 0.68464 0.577779 0.473772 0.664444 0.995782 
3 0.416855 0.363298 0.367533 0.419349 0.47076 0.601071 0.511374 0.38611 0.507976 0.881099 
8 0.505678 0.479484 0.462547 0.433168 0.543399 0.698966 0.570622 0.48987 0.635571 0.864198 
4 0.751978 0.665755 0.649062 0.673293 0.829539 0.861227 0.761431 0.704498 0.954529 1.15559 
1 0.558468 0.516639 0.496896 0.525031 0.622477 0.743011 0.617809 0.528003 0.707626 1.03327 
7 0.243436 0.231485 0.22073 0.256893 0.293359 0.415473 0.380721 0.225384 0.315078 0.646704 
2 0.399051 0.394934 0.384983 0.434575 0.460608 0.602413 0.522194 0.403121 0.543805 1.00177 
3 0.58037 0.520618 0.485936 0.506285 0.617303 0.728811 0.613485 0.541945 0.666739 0.921589 
1 0.419643 0.36774 0.362049 0.345772 0.461739 0.612312 0.484561 0.388515 0.485349 0.761534 
5 0.231862 0.200642 0.198776 0.191125 0.26155 0.426687 0.30421 0.211838 0.312476 0.528797 
6 0.331931 0.314742 0.322164 0.272639 0.385465 0.53254 0.424953 0.334473 0.420686 0.775247 
4 0.528698 0.478912 0.452792 0.418096 0.559882 0.73311 0.591731 0.48166 0.607925 0.903705 
5 0.475426 0.42511 0.432043 0.444378 0.550019 0.645681 0.575038 0.461079 0.609581 0.949515 
4 0.31615 0.295725 0.291669 0.263739 0.362058 0.575807 0.404116 0.293873 0.352007 0.650732 
0 0.523823 0.508181 0.492972 0.482842 0.591479 0.737938 0.626288 0.511047 0.624676 0.96949 
8 0.714533 0.631016 0.611575 0.596596 0.776197 0.836698 0.731368 0.67832 0.868409 1.10072 
0 0.727019 0.704871 0.67233 0.640481 0.777297 0.968071 0.769711 0.703742 0.801137 1.11268 
7 0.529957 0.591772 0.575561 0.523556 0.605834 0.843823 0.676747 0.574018 0.67296 1.06439 
2 0.481181 0.439716 0.45075 0.46927 0.556159 0.669524 0.582071 0.464679 0.622311 0.970312 
1 0.372415 0.356623 0.346906 0.361501 0.419913 0.545631 0.472806 0.367436 0.43518 0.853721 
9 0.401401 0.369731 0.357211 0.413161 0.459596 0.559155 0.494678 0.364762 0.526933 0.87475 
8 0.441256 0.399053 0.386132 0.397978 0.499755 0.620336 0.512283 0.422891 0.561681 0.85427 
9 0.930883 0.862998 0.862496 0.828657 1.0328 1.04216 0.926814 0.897693 1.10304 1.29592 
5 0.52388 0.469987 0.449203 0.442503 0.555332 0.696222 0.58157 0.495534 0.609965 0.970062 
7 0.353146 0.338307 0.339714 0.358909 0.416819 0.569752 0.439545 0.330734 0.486845 0.810162 
1 0.310241 0.292262 0.291552 0.270439 0.348472 0.500007 0.404046 0.30821 0.372216 0.676793 
1 0.289649 0.269247 0.263546 0.284096 0.337933 0.476873 0.39889 0.270601 0.395565 0.66091 
1 0.336228 0.305226 0.286419 0.299099 0.380141 0.508362 0.388586 0.311597 0.44493 0.663025 
2 0.310928 0.296343 0.281772 0.317956 0.36686 0.491139 0.41604 0.292204 0.412521 0.754759 
4 0.554492 0.516897 0.502692 0.527435 0.635567 0.740448 0.636243 0.509597 0.678375 0.969776 
5 0.539694 0.498771 0.47655 0.494973 0.58709 0.711515 0.618817 0.509707 0.656254 1.01195 
4 0.56651 0.5709 0.549345 0.512107 0.652045 0.798442 0.666589 0.577045 0.657552 0.93808 
8 0.383732 0.371878 0.356799 0.361688 0.433808 0.582368 0.496945 0.382498 0.445991 0.837102 
8 0.395486 0.356998 0.337728 0.344042 0.427514 0.627917 0.485705 0.355797 0.455671 0.732319 
0 0.595509 0.513446 0.49987 0.490096 0.630553 0.757865 0.627686 0.535403 0.653569 0.916357 
1 0.724623 0.68288 0.659398 0.622366 0.821359 0.925023 0.762042 0.676115 0.891566 1.11167 
2 0.182771 0.179895 0.177454 0.180384 0.212675 0.377685 0.308262 0.178212 0.243247 0.656194 
0 0.475663 0.491201 0.47854 0.428377 0.532663 0.752197 0.582321 0.49568 0.547724 0.867541 
8 0.355741 0.327721 0.321969 0.322696 0.379573 0.597254 0.450755 0.345089 0.364742 0.72836 
3 0.486968 0.446487 0.430301 0.467199 0.529736 0.688841 0.564704 0.460056 0.567934 0.900863 
0 0.590968 0.533836 0.506356 0.502278 0.638428 0.759893 0.632408 0.567769 0.667321 0.892486 
4 0.763051 0.743967 0.73306 0.666388 0.846233 0.98703 0.812703 0.744994 0.901834 1.21247 
2 0.505254 0.469968 0.464528 0.491554 0.572166 0.666682 0.577923 0.463108 0.680383 0.966492 
8 0.660535 0.649306 0.629506 0.64604 0.736787 0.878424 0.73599 0.646283 0.846268 1.09315 
3 0.459009 0.404128 0.386778 0.365797 0.513733 0.681332 0.519062 0.392596 0.534381 0.840498 
9 0.340962 0.324937 0.304697 0.273474 0.382346 0.55272 0.423238 0.328772 0.438843 0.68756 
7 0.50422 0.487776 0.448557 0.432247 0.536015 0.734081 0.567449 0.454331 0.548901 0.887766 
9 0.445643 0.408991 0.412175 0.446288 0.5097 0.638274 0.536952 0.435145 0.557455 0.877346 
9 0.470442 0.417267 0.40643 0.442656 0.518954 0.629958 0.539612 0.433032 0.622714 0.972638 
2 0.483243 0.434152 0.443298 0.435555 0.51867 0.680367 0.562647 0.438696 0.54993 0.981763 
9 0.537548 0.531014 0.503139 0.513335 0.595574 0.753375 0.606625 0.529008 0.668804 1.01002 
6 0.450659 0.417103 0.399892 0.370477 0.493197 0.631389 0.521922 0.428708 0.564584 0.839424 
1 0.713974 0.613198 0.602349 0.559778 0.764031 0.828904 0.699781 0.643342 0.872872 1.01502 
2 0.502222 0.461112 0.449324 0.508501 0.597675 0.659117 0.580503 0.467024 0.706539 0.979771 
2 0.641581 0.596513 0.569361 0.593109 0.718187 0.804178 0.691088 0.598198 0.779354 1.04565 
6 0.562007 0.496913 0.468746 0.472007 0.598083 0.702057 0.594664 0.486703 0.612439 0.92176 
4 0.440241 0.405164 0.390415 0.354877 0.49613 0.621632 0.526574 0.420625 0.564309 0.8744 
8 0.535712 0.497201 0.501947 0.533862 0.63061 0.714167 0.610632 0.497879 0.732848 1.06501 
7 0.693928 0.663149 0.631127 0.590288 0.766938 0.922565 0.733661 0.639559 0.838008 1.11809 
9 0.494541 0.483467 0.491204 0.429852 0.557026 0.70804 0.612288 0.504469 0.645494 0.907979 
6 0.370494 0.330012 0.313142 0.296431 0.408372 0.538883 0.442607 0.336252 0.470523 0.729934 
8 0.532545 0.497243 0.460345 0.468733 0.601486 0.698073 0.599463 0.529039 0.637968 0.977735 
9 0.695187 0.619137 0.62116 0.601728 0.763536 0.856186 0.714597 0.642233 0.854446 1.04389 
2 0.451738 0.41837 0.409599 0.384526 0.485647 0.655625 0.517546 0.438343 0.533633 0.915378 
3 0.291132 0.29417 0.280076 0.256092 0.336043 0.532352 0.396553 0.286138 0.389888 0.721764 
4 0.321596 0.329583 0.309553 0.280217 0.367903 0.546251 0.431522 0.335923 0.399421 0.70782 
4 0.450254 0.439732 0.441035 0.380477 0.487109 0.673364 0.564623 0.44349 0.510367 0.880638 
6 0.54857 0.503584 0.462625 0.455622 0.590792 0.757474 0.599548 0.502697 0.640814 0.915355 
1 0.631728 0.549963 0.521369 0.508143 0.675953 0.782735 0.649793 0.58182 0.717312 0.984912 
4 0.194165 0.182083 0.167956 0.182711 0.212489 0.39505 0.306356 0.172548 0.238023 0.576726 
6 0.382338 0.363503 0.37336 0.340819 0.412709 0.572828 0.480163 0.378716 0.429451 0.766035 
3 0.62192 0.592033 0.572522 0.546931 0.698524 0.82085 0.684858 0.583318 0.728782 1.07622 
9 0.409925 0.384284 0.369779 0.365857 0.487114 0.595896 0.507286 0.392858 0.494422 0.821259 
1 0.504348 0.458901 0.435516 0.435845 0.558653 0.681762 0.566054 0.480618 0.64075 1.00558 
6 0.199856 0.203247 0.183641 0.197561 0.24989 0.376356 0.317625 0.188682 0.300673 0.574157 
9 0.654073 0.591745 0.582415 0.570041 0.708893 0.837601 0.689539 0.59511 0.701213 1.05031 
8 0.467898 0.439754 0.402442 0.378405 0.483086 0.707889 0.537655 0.420644 0.503405 0.82436 
1 0.425565 0.395985 0.404128 0.415803 0.479926 0.646282 0.528042 0.408785 0.567045 0.931691 
5 0.182424 0.173136 0.160018 0.174254 0.205007 0.361755 0.29119 0.17513 0.248605 0.541432 
5 0.409167 0.394115 0.401843 0.367442 0.479317 0.628635 0.492745 0.402494 0.56273 0.827823 
6 0.568835 0.565385 0.560855 0.533001 0.630734 0.793617 0.655365 0.583842 0.630213 0.996692 
9 0.438577 0.400426 0.378771 0.343599 0.49867 0.638888 0.537526 0.41599 0.518736 0.875191 
7 0.456009 0.431698 0.417264 0.450516 0.528228 0.626794 0.54436 0.453241 0.614575 0.982391 
5 0.410451 0.424211 0.420217 0.376257 0.455842 0.642472 0.540676 0.436887 0.50967 0.875298 
3 0.658094 0.593205 0.563357 0.547894 0.697393 0.84039 0.681641 0.620453 0.744861 0.972392 
5 0.342394 0.339953 0.335209 0.34238 0.418286 0.580842 0.442669 0.35291 0.464551 0.756783 
9 0.497084 0.488682 0.493757 0.492807 0.583692 0.744738 0.593078 0.493317 0.679194 0.940665 
4 0.454564 0.399945 0.408312 0.399146 0.50181 0.63665 0.519408 0.43601 0.573158 0.826566 
9 0.488516 0.449881 0.448886 0.470413 0.54296 0.673062 0.568579 0.46971 0.591654 0.994136 
1 0.507438 0.456375 0.444971 0.490054 0.570189 0.657857 0.574604 0.479887 0.680555 0.982606 
9 0.302501 0.300181 0.283415 0.313822 0.355835 0.501365 0.419271 0.305476 0.426529 0.759156 
4 0.393334 0.356384 0.338235 0.326327 0.440346 0.614415 0.455594 0.366808 0.486193 0.732093 
4 0.437274 0.395257 0.383774 0.388737 0.508869 0.622551 0.516063 0.413511 0.576367 0.863434 
4 0.608779 0.611931 0.604872 0.542669 0.662413 0.852556 0.71194 0.601791 0.716902 1.11608 
1 0.440344 0.375894 0.376573 0.385975 0.470801 0.602299 0.509696 0.413091 0.524554 0.822634 
5 0.209291 0.193375 0.184872 0.182694 0.235736 0.393963 0.303897 0.193914 0.278552 0.520189 
5 0.597468 0.54878 0.52948 0.494495 0.672571 0.788672 0.64686 0.563713 0.719255 0.966905 
1 0.424916 0.433788 0.423516 0.397322 0.495443 0.650407 0.520016 0.454014 0.57427 0.858687 
3 0.350127 0.318702 0.30109 0.303294 0.398442 0.522408 0.402438 0.319521 0.466495 0.65961 
1 0.482234 0.471049 0.450529 0.42495 0.538214 0.692175 0.572506 0.47602 0.556566 0.871012 
1 0.336889 0.309959 0.299009 0.334085 0.385382 0.514519 0.427283 0.315939 0.450677 0.705626 
0 0.464475 0.409192 0.397564 0.373555 0.522 0.666777 0.498663 0.424609 0.578733 0.738395 
1 0.355169 0.398617 0.395293 0.330206 0.404246 0.629997 0.480829 0.357411 0.420174 0.844096 
4 0.30692 0.284782 0.263299 0.250977 0.360447 0.500522 0.363936 0.283416 0.407886 0.597038 
1 0.330332 0.295201 0.281269 0.289415 0.372628 0.512123 0.423775 0.311311 0.414433 0.68808 
0 0.500816 0.445182 0.42316 0.423782 0.556763 0.661464 0.514179 0.469929 0.651785 0.816877 
3 0.861059 0.842703 0.833306 0.808726 0.957853 1.03414 0.905171 0.836835 1.09503 1.32725 
6 0.518318 0.509926 0.490506 0.509413 0.563006 0.707745 0.595672 0.53762 0.648019 0.949793 
2 0.584519 0.529895 0.504552 0.523496 0.659418 0.748354 0.650345 0.564571 0.708591 0.980125 
1 0.421948 0.383552 0.35272 0.320471 0.467053 0.588095 0.474109 0.38346 0.499127 0.736343 
1 0.19834 0.193064 0.17843 0.200826 0.233552 0.38374 0.333711 0.189449 0.262025 0.620241 
2 0.253854 0.23037 0.22347 0.216426 0.294717 0.443677 0.317588 0.242212 0.331381 0.533504 
5 0.534716 0.480778 0.464294 0.497257 0.589196 0.702356 0.597939 0.496131 0.633013 0.938494 
5 0.454988 0.421606 0.427517 0.350879 0.504738 0.649836 0.521627 0.410856 0.535564 0.850207 
9 0.50783 0.518767 0.50258 0.531373 0.569744 0.768728 0.610077 0.529453 0.653262 0.985003 
4 0.491477 0.444207 0.436752 0.445699 0.568226 0.661313 0.564156 0.472767 0.662002 0.932371 
9 0.364425 0.34034 0.328732 0.363103 0.386477 0.553625 0.468412 0.345875 0.444795 0.831373 
1 0.459054 0.431145 0.414685 0.420517 0.512101 0.673646 0.543307 0.419316 0.507023 0.872384 
0 0.248542 0.23147 0.213173 0.236042 0.286842 0.425787 0.334314 0.229325 0.337103 0.587405 
7 0.487225 0.449286 0.422623 0.409435 0.536479 0.688332 0.563957 0.460769 0.534682 0.841205 
4 0.346286 0.300041 0.302117 0.278393 0.371032 0.5608 0.427404 0.317377 0.412278 0.71246 
3 0.386006 0.426074 0.403326 0.390613 0.424834 0.66407 0.528193 0.432405 0.472773 0.7882 
4 0.27363 0.259067 0.257056 0.225002 0.300598 0.507164 0.373497 0.266276 0.324949 0.602413 
6 0.452676 0.41699 0.42111 0.473771 0.533861 0.638179 0.561613 0.426247 0.621601 1.00578 
8 0.552867 0.480888 0.46207 0.47043 0.60918 0.707259 0.56969 0.494937 0.64651 0.88129 
1 0.726486 0.634373 0.601807 0.58727 0.762513 0.903353 0.726208 0.635631 0.823431 1.09216 
0 0.221058 0.218047 0.198962 0.224977 0.271124 0.407636 0.342661 0.204968 0.313972 0.593917 
6 0.717866 0.748773 0.732487 0.710282 0.813154 0.957986 0.807157 0.739598 0.87853 1.20574 
6 0.399487 0.370683 0.349984 0.335253 0.45956 0.603549 0.493007 0.383899 0.508922 0.797078 
3 0.481508 0.428122 0.41139 0.410646 0.531192 0.642354 0.530206 0.448204 0.566681 0.812902 
8 0.457923 0.445933 0.399918 0.370775 0.500808 0.683685 0.534048 0.398455 0.53697 0.772519 
8 0.557498 0.530646 0.506702 0.468563 0.586785 0.816052 0.619443 0.556166 0.650071 0.904568 
1 0.631612 0.616653 0.59458 0.595906 0.717304 0.833029 0.705838 0.630509 0.813515 1.07034 
2 0.500572 0.458939 0.42424 0.442486 0.577041 0.653223 0.512666 0.455793 0.638454 0.781493 
2 0.362061 0.351719 0.319281 0.304078 0.379883 0.567744 0.462093 0.333005 0.429962 0.734554 
0 0.435629 0.425546 0.412968 0.411882 0.463748 0.660588 0.528071 0.41331 0.474506 0.949555 
2 0.533913 0.552137 0.532576 0.482884 0.58048 0.795439 0.624536 0.497903 0.577467 0.978602 
5 0.455271 0.448152 0.432876 0.435197 0.515447 0.683485 0.5398 0.444495 0.561803 0.868503 
9 0.449721 0.415719 0.404588 0.375063 0.500318 0.677601 0.518072 0.427904 0.5074 0.756007 
1 0.360391 0.317765 0.31195 0.288648 0.39462 0.531555 0.44091 0.338956 0.471648 0.732089 
1 0.225651 0.231834 0.226123 0.239094 0.262464 0.435357 0.366659 0.236792 0.304848 0.759999 
5 0.497932 0.45449 0.447373 0.505867 0.56598 0.654592 0.557406 0.459484 0.663747 0.939476 
0 0.556586 0.547619 0.540757 0.543913 0.627382 0.778816 0.640055 0.563158 0.737694 0.997503 
6 0.602818 0.566822 0.550424 0.503583 0.653392 0.823955 0.677703 0.605141 0.664054 1.02462 
6 0.845342 0.774223 0.72402 0.724732 0.904052 0.982609 0.84556 0.747388 0.895735 1.15359 
2 0.682354 0.620567 0.598477 0.615035 0.772154 0.82404 0.720427 0.648921 0.846754 1.0789 
7 0.474989 0.452001 0.415374 0.426979 0.500287 0.660437 0.552854 0.436345 0.542187 0.828403 
1 0.430857 0.404534 0.409599 0.445111 0.511017 0.618869 0.534677 0.42537 0.575127 0.913216 
0 0.284298 0.269436 0.252608 0.26876 0.318821 0.482406 0.386289 0.268378 0.392656 0.643583 
9 0.841835 0.86216 0.83246 0.769393 0.937451 1.06463 0.928507 0.86163 0.995441 1.31783 
1 0.550022 0.489012 0.465027 0.462988 0.601342 0.76137 0.604317 0.483584 0.631645 0.944708 
2 0.398665 0.358394 0.351497 0.320317 0.455104 0.626368 0.441989 0.372716 0.471316 0.649344 
1 0.48982 0.478362 0.421773 0.435274 0.523761 0.689451 0.560626 0.462474 0.568292 0.882001 
1 0.379409 0.343693 0.335374 0.387995 0.441265 0.533623 0.482308 0.35227 0.499166 0.815883 
2 0.321359 0.282912 0.268089 0.272349 0.349437 0.485478 0.372617 0.277209 0.419106 0.610051 
1 0.388312 0.428308 0.41106 0.439493 0.469485 0.644379 0.518599 0.428933 0.499677 0.837599 
8 0.31087 0.297701 0.279526 0.317436 0.361815 0.484031 0.418251 0.294994 0.403935 0.775728 
1 0.69168 0.595072 0.611449 0.572011 0.75327 0.838464 0.704267 0.641064 0.829575 1.07084 
3 0.284048 0.253184 0.240785 0.23773 0.315202 0.460437 0.339404 0.257993 0.371942 0.58546 
6 0.508671 0.461442 0.434996 0.407654 0.530376 0.688017 0.563791 0.489644 0.589097 0.809105 
9 0.444358 0.440528 0.426173 0.382872 0.490842 0.686088 0.556773 0.422763 0.459833 0.852835 
3 0.486159 0.443058 0.44276 0.438564 0.544891 0.664523 0.547598 0.471251 0.599281 0.85097 
4 0.370032 0.353763 0.335053 0.276585 0.404437 0.574213 0.439563 0.341319 0.442871 0.733238 
2 0.287985 0.252532 0.243525 0.262682 0.323892 0.477798 0.396516 0.263992 0.344322 0.664671 
7 0.561737 0.57943 0.543392 0.589802 0.637142 0.793545 0.656259 0.581308 0.700401 1.03483 
1 0.380161 0.358015 0.354662 0.383997 0.428386 0.586674 0.478978 0.36299 0.497299 0.851268 
1 0.37815 0.342358 0.327254 0.306678 0.432244 0.568958 0.41145 0.345138 0.495758 0.662798 
5 0.226287 0.209585 0.203232 0.215284 0.268175 0.41011 0.314077 0.204097 0.309899 0.554831 
1 0.250488 0.242079 0.233537 0.261914 0.297552 0.457375 0.343857 0.220036 0.358112 0.6368 
3 0.278723 0.269797 0.245745 0.289151 0.33202 0.458206 0.406887 0.259662 0.375157 0.767021 
6 0.747379 0.682292 0.63952 0.593297 0.794678 0.900527 0.758483 0.682742 0.870787 1.03811 
9 0.387297 0.342642 0.330505 0.328604 0.425262 0.546261 0.453114 0.352562 0.483629 0.781473 
5 0.520072 0.487169 0.487323 0.481717 0.589258 0.707049 0.576087 0.51193 0.603514 0.936232 
4 0.503494 0.46181 0.45486 0.398839 0.555312 0.673948 0.561403 0.465203 0.605573 0.88067 
5 0.567916 0.514936 0.51559 0.474547 0.633099 0.7352 0.615358 0.533771 0.719748 0.955423 
4 0.539071 0.517466 0.515299 0.489662 0.596075 0.71885 0.610003 0.527303 0.737841 0.9612 
3 0.443915 0.402626 0.40937 0.400544 0.489262 0.637057 0.532583 0.43372 0.526728 0.847706 
2 0.613313 0.53648 0.524282 0.488519 0.665388 0.769118 0.628724 0.559504 0.711526 0.924547 
2 0.562861 0.553362 0.50509 0.522209 0.622849 0.751672 0.638149 0.534398 0.663223 0.951447 
0 0.579503 0.519985 0.504374 0.558354 0.624217 0.780556 0.640445 0.542743 0.628762 0.935918 
4 0.688455 0.611832 0.597463 0.533675 0.745292 0.866182 0.715676 0.633749 0.741971 1.05195 
3 0.622119 0.571947 0.55176 0.55127 0.692193 0.775246 0.667671 0.58506 0.769681 1.09272 
7 0.511401 0.501601 0.481922 0.462809 0.56849 0.747803 0.593873 0.516327 0.598533 0.910456 
7 0.489062 0.472646 0.47306 0.453372 0.566357 0.703524 0.584569 0.481471 0.633442 1.00196 
1 0.614258 0.57052 0.568594 0.539685 0.689033 0.775495 0.643386 0.588721 0.765007 0.928912 
7 0.299444 0.280178 0.265397 0.314316 0.349076 0.462849 0.421383 0.271953 0.385924 0.744871 
2 0.345907 0.37531 0.362665 0.414934 0.433782 0.573192 0.484693 0.371102 0.506934 0.868635 
2 0.411248 0.397961 0.395947 0.428548 0.470419 0.655225 0.517064 0.423908 0.50765 0.788852 
1 0.650245 0.626192 0.589143 0.600918 0.7011 0.898873 0.7066 0.630119 0.744145 0.997754 
8 0.227873 0.202307 0.193604 0.184697 0.260202 0.418843 0.306172 0.207417 0.287816 0.524459 
5 0.362125 0.384936 0.357601 0.420969 0.442318 0.552756 0.516939 0.373898 0.493808 0.945165 
5 0.716678 0.653322 0.617518 0.586597 0.77612 0.881903 0.739048 0.657033 0.804762 1.0026 
9 0.32793 0.327543 0.305365 0.319891 0.387453 0.566569 0.442898 0.322621 0.472121 0.728626 
0 0.396321 0.337814 0.337966 0.321656 0.434319 0.560727 0.483295 0.359055 0.488476 0.83581 
8 0.50948 0.560174 0.548911 0.478554 0.601755 0.79219 0.633236 0.542852 0.658332 1.05821 
8 0.615773 0.543739 0.526528 0.566248 0.679851 0.779499 0.645145 0.571576 0.735444 0.969418 
3 0.547594 0.459356 0.462092 0.429792 0.60366 0.725283 0.579921 0.474582 0.65282 0.945957 
6 0.589131 0.559013 0.523216 0.489022 0.64054 0.767238 0.643309 0.548029 0.692319 0.92733 
8 0.571275 0.52242 0.49997 0.523283 0.644882 0.744061 0.62373 0.552847 0.698368 0.999523 
1 0.537645 0.496279 0.485125 0.515236 0.608607 0.717498 0.578453 0.514324 0.719211 0.953395 
4 0.342034 0.316547 0.308768 0.348287 0.389467 0.516882 0.449831 0.322657 0.457199 0.745249 
0 0.298089 0.28105 0.263741 0.289125 0.331245 0.492573 0.402971 0.283056 0.409772 0.766237 
3 0.383918 0.383935 0.390476 0.39161 0.467218 0.581246 0.521672 0.375859 0.533588 1.00181 
9 0.475978 0.420756 0.40927 0.37404 0.490305 0.666042 0.524266 0.427855 0.51834 0.745257 
1 0.412879 0.372063 0.366718 0.369829 0.455563 0.606411 0.484211 0.398888 0.521869 0.822825 
7 0.229247 0.223881 0.203805 0.219904 0.262893 0.409562 0.332043 0.221535 0.310129 0.604524 
2 0.33723 0.326159 0.324531 0.317828 0.393138 0.535894 0.456952 0.329528 0.421306 0.78688 
6 0.564229 0.55761 0.543197 0.605683 0.62242 0.758147 0.660035 0.598533 0.69863 1.00848 
6 0.572252 0.501832 0.477023 0.447788 0.619745 0.740445 0.606772 0.504311 0.674718 0.945392 
8 0.478779 0.474546 0.460319 0.443244 0.56347 0.698523 0.568336 0.462888 0.572518 0.924161 
0 0.787433 0.739606 0.733398 0.684563 0.880536 0.960447 0.811308 0.750056 1.00663 1.2103 
2 0.555179 0.59118 0.578517 0.499619 0.608839 0.826905 0.66617 0.548608 0.597779 1.02373 
1 0.667517 0.635409 0.580481 0.624677 0.706667 0.899224 0.708926 0.631909 0.752572 0.997106 
9 0.442528 0.398207 0.377882 0.407901 0.503509 0.607668 0.492598 0.402969 0.587907 0.805844 
5 0.513263 0.472274 0.452502 0.44281 0.570829 0.678697 0.567608 0.513057 0.639586 0.935441 
0 0.551043 0.541297 0.534817 0.465221 0.618036 0.763493 0.635304 0.566198 0.697728 1.04249 
9 0.525872 0.533726 0.51223 0.515867 0.617401 0.750848 0.640644 0.565132 0.700804 1.06463 
7 0.367186 0.344482 0.341175 0.315893 0.41543 0.567609 0.462984 0.350321 0.455658 0.749789 
8 0.28566 0.286808 0.287074 0.288 0.35551 0.503617 0.428501 0.285121 0.380406 0.758993 
0 0.518838 0.489262 0.459113 0.494453 0.5972 0.696819 0.568097 0.492172 0.685568 1.00163 
1 0.42225 0.438108 0.438386 0.479816 0.51758 0.632941 0.542623 0.438447 0.614204 0.986057 
0 0.238085 0.230074 0.218926 0.195549 0.282468 0.479229 0.325305 0.225195 0.319003 0.540597 
8 0.589298 0.636755 0.62142 0.543734 0.630006 0.870124 0.718752 0.61809 0.645628 1.13069 
1 0.51582 0.465485 0.464467 0.489491 0.571789 0.696025 0.567696 0.49286 0.649458 0.943579 
4 0.253327 0.237095 0.224783 0.217483 0.31136 0.443815 0.3162 0.221565 0.34498 0.543746 
7 0.353563 0.340423 0.32545 0.345201 0.40864 0.548529 0.469586 0.356052 0.450844 0.824634 
4 0.414678 0.423881 0.408151 0.410467 0.476533 0.648671 0.529006 0.429304 0.572991 0.830113 
0 0.684602 0.609613 0.589958 0.616868 0.752723 0.826459 0.71028 0.64487 0.865295 1.08147 
4 0.630803 0.578982 0.567393 0.627294 0.715203 0.786988 0.69454 0.605671 0.806731 1.12978 
0 0.434737 0.410474 0.390359 0.424456 0.515891 0.610763 0.532907 0.406976 0.586002 0.977739 
8 0.519442 0.56001 0.541992 0.474939 0.584327 0.791704 0.636456 0.507313 0.532035 0.965919 
4 0.496512 0.463793 0.445396 0.442571 0.581957 0.718384 0.566404 0.476458 0.633148 0.922885 
4 0.513424 0.521289 0.491108 0.514597 0.57685 0.727879 0.606238 0.528478 0.665441 1.01087 
5 0.329253 0.310346 0.298276 0.284317 0.360323 0.517112 0.438345 0.308229 0.370848 0.767506 
0 0.483538 0.48283 0.450369 0.472092 0.555771 0.700561 0.568645 0.485369 0.645123 0.893018 
4 0.601958 0.637866 0.634179 0.570238 0.657162 0.874486 0.729101 0.638859 0.711666 1.13981 
1 0.375626 0.362896 0.368782 0.345286 0.423992 0.60009 0.488863 0.37293 0.421414 0.801948 
5 0.153996 0.156937 0.140513 0.145398 0.191576 0.35572 0.250991 0.146267 0.215812 0.443893 
9 0.517252 0.44409 0.435759 0.393068 0.551377 0.708188 0.553159 0.457267 0.543722 0.84839 
6 0.465393 0.453557 0.454158 0.489679 0.546074 0.669987 0.567195 0.460342 0.633045 1.03766 
1 0.408736 0.37462 0.344079 0.346258 0.439886 0.595938 0.498269 0.386128 0.471053 0.898036 
3 0.224161 0.220133 0.209089 0.211269 0.262841 0.421659 0.326505 0.217369 0.323524 0.590235 
8 0.348207 0.318732 0.302945 0.262665 0.376852 0.614356 0.428239 0.326878 0.394734 0.629524 
6 0.704076 0.639289 0.608197 0.610645 0.783876 0.851719 0.708886 0.651893 0.912026 1.09469 
3 0.450922 0.390299 0.391664 0.385941 0.502553 0.628357 0.547024 0.416995 0.548843 0.855069 
0 0.708925 0.676519 0.648035 0.663524 0.767646 0.895142 0.767393 0.716295 0.860973 1.09852 
9 0.543753 0.554784 0.553932 0.525099 0.637669 0.765676 0.654747 0.572325 0.753819 1.09379 
7 0.449015 0.40293 0.408667 0.369105 0.495768 0.649022 0.524237 0.419425 0.52887 0.863486 
6 0.656932 0.583052 0.581648 0.54613 0.730983 0.798777 0.719941 0.628681 0.81439 1.12525 
4 0.482941 0.411001 0.411216 0.384151 0.533108 0.640657 0.52378 0.410491 0.559124 0.86685 
9 0.575148 0.524957 0.502701 0.485203 0.606505 0.743599 0.647809 0.545697 0.629305 0.953944 
5 0.428423 0.386692 0.375805 0.344119 0.453394 0.618045 0.502307 0.407774 0.484595 0.841941 
9 0.475824 0.471106 0.475575 0.512806 0.553773 0.722109 0.565396 0.484729 0.650078 0.913951 
8 0.589343 0.560405 0.544247 0.55988 0.649086 0.769479 0.651265 0.583763 0.732957 1.08123 
0 0.50325 0.473632 0.463041 0.419972 0.539691 0.752456 0.56763 0.476836 0.576418 0.875831 
3 0.621284 0.635788 0.63492 0.581916 0.729047 0.841401 0.72577 0.650236 0.830393 1.15946 
6 0.60418 0.554302 0.562954 0.534203 0.669715 0.779167 0.649425 0.581077 0.700458 0.994537 
2 0.45089 0.424826 0.422237 0.375609 0.474328 0.661995 0.548213 0.43531 0.503194 0.870002 
5 0.676059 0.660176 0.631669 0.674623 0.754267 0.857253 0.740848 0.658568 0.831851 1.11803 
6 0.494386 0.482629 0.465998 0.44633 0.55999 0.694755 0.575884 0.50227 0.605573 0.905296 
0 0.605696 0.588438 0.580846 0.59247 0.689244 0.795114 0.697617 0.600939 0.801731 1.06842 
5 0.299958 0.351707 0.34186 0.305237 0.354952 0.557071 0.452827 0.318108 0.347474 0.774058 
1 0.610783 0.630762 0.621914 0.594789 0.681313 0.885476 0.725645 0.644517 0.77484 1.06866 
7 0.48341 0.439735 0.40441 0.432017 0.542568 0.636253 0.509969 0.433129 0.613731 0.797364 
1 0.367231 0.353141 0.338127 0.31002 0.394238 0.576356 0.442971 0.351296 0.446439 0.730351 
7 0.33161 0.30182 0.28896 0.333377 0.377848 0.504194 0.422646 0.305506 0.427379 0.723736 
3 0.464102 0.438772 0.44906 0.392641 0.509571 0.664329 0.556729 0.461621 0.5355 0.894394 
1 0.445277 0.482925 0.422753 0.414661 0.485348 0.7138 0.556431 0.457894 0.537693 0.785755 
2 0.420638 0.379126 0.357449 0.39178 0.476218 0.577215 0.4714 0.377022 0.541625 0.738112 
0 0.33486 0.36882 0.338725 0.361935 0.389173 0.580277 0.460257 0.362362 0.414343 0.795233 
7 0.545301 0.492225 0.48839 0.425794 0.600391 0.749129 0.612587 0.507995 0.629529 0.942374 
7 0.322509 0.330217 0.314946 0.233484 0.364583 0.542979 0.443876 0.314234 0.391627 0.711757 
0 0.298211 0.29866 0.292853 0.321758 0.35157 0.500391 0.432196 0.291455 0.435327 0.796263 
7 0.66331 0.58931 0.566812 0.532064 0.7476 0.868129 0.699807 0.594793 0.795108 1.01136 
7 0.246885 0.24627 0.254528 0.227159 0.28803 0.457789 0.38679 0.249545 0.322085 0.64014 
1 0.34249 0.387789 0.372242 0.312253 0.405908 0.608308 0.493831 0.377741 0.46567 0.796358 
9 0.268119 0.250779 0.242311 0.259996 0.306965 0.442489 0.364013 0.250106 0.370292 0.615617 
7 0.618818 0.542101 0.540275 0.488511 0.658566 0.752486 0.644979 0.573226 0.743372 1.03683 
9 0.441102 0.429138 0.432186 0.377655 0.490956 0.666666 0.543009 0.445134 0.575689 0.905491 
6 0.570556 0.537875 0.539287 0.519456 0.624207 0.764891 0.6307 0.551836 0.665096 1.00476 
8 0.695623 0.590835 0.564406 0.550273 0.732754 0.816823 0.690533 0.615178 0.813259 0.971147 
8 0.72102 0.694732 0.67742 0.708611 0.817357 0.891692 0.788355 0.715966 0.928597 1.18727 
1 0.529751 0.506129 0.507821 0.5207 0.590828 0.752867 0.602687 0.512149 0.637208 0.982773 
4 0.500809 0.4587 0.448505 0.50019 0.589997 0.649465 0.576999 0.464722 0.694621 0.933476 
7 0.657741 0.607558 0.59455 0.602768 0.735161 0.831772 0.675359 0.625112 0.846543 1.12355 
8 0.580666 0.565696 0.571373 0.60108 0.686177 0.772939 0.653584 0.574176 0.756683 1.10128 
6 0.43931 0.414714 0.409109 0.381892 0.493646 0.666373 0.525444 0.417836 0.542488 0.887595 
0 0.789437 0.697319 0.675126 0.635009 0.845991 0.908712 0.778555 0.704351 0.901834 1.16873 
3 0.676322 0.64417 0.615325 0.60137 0.746815 0.866635 0.745831 0.661187 0.767373 1.0562 
2 0.598457 0.549652 0.533551 0.58542 0.661107 0.783834 0.645535 0.589123 0.729293 0.943774 
9 0.66365 0.62381 0.593093 0.610364 0.740949 0.845943 0.712316 0.653513 0.809135 1.03044 
2 0.64564 0.577469 0.568035 0.563443 0.696804 0.782689 0.670535 0.610684 0.801827 1.08008 
3 0.680594 0.644591 0.595816 0.640788 0.745153 0.848385 0.737032 0.657508 0.799935 1.09803 
3 0.359318 0.362399 0.326907 0.299815 0.432734 0.562782 0.457195 0.328297 0.483444 0.770297 
3 0.428037 0.390664 0.377982 0.368278 0.467662 0.613201 0.498567 0.395849 0.498782 0.773342 
7 0.590596 0.576005 0.559147 0.532498 0.674497 0.782206 0.642882 0.610696 0.804506 1.05677 
1 0.43983 0.42599 0.430496 0.431182 0.500416 0.640201 0.523685 0.428105 0.590126 0.965287 
5 0.355259 0.329015 0.31384 0.347639 0.412611 0.534528 0.438566 0.332652 0.470561 0.710055 
7 0.52029 0.509767 0.436908 0.431659 0.570922 0.713261 0.587134 0.471659 0.5447 0.874936 
9 0.479177 0.448341 0.456339 0.447566 0.538638 0.670617 0.577408 0.467767 0.568062 0.924209 
7 0.630758 0.569489 0.547039 0.543743 0.700734 0.823515 0.663428 0.563 0.778395 0.99371 
3 0.437441 0.419603 0.435854 0.345235 0.485673 0.653761 0.553851 0.429207 0.534976 0.85761 
3 0.663682 0.635799 0.594857 0.628223 0.732486 0.876012 0.730676 0.680318 0.782883 0.986077 
5 0.523309 0.51516 0.4925 0.486226 0.592749 0.74563 0.608336 0.533765 0.664719 0.940613 
5 0.699246 0.652435 0.639368 0.644411 0.768245 0.864164 0.72 0.664823 0.846857 1.08591 
6 0.389956 0.391198 0.3627 0.361194 0.456152 0.602765 0.485374 0.393699 0.532297 0.851582 
6 0.424235 0.445925 0.417403 0.376393 0.468819 0.70401 0.565889 0.411301 0.484077 0.885405 
2 0.3909 0.415704 0.404297 0.377271 0.433405 0.625157 0.524012 0.41984 0.481475 0.951149 
7 0.811538 0.762545 0.74023 0.763928 0.887063 0.975737 0.83371 0.791831 1.00526 1.20522 
0 0.433632 0.40926 0.397998 0.405232 0.496708 0.63002 0.524608 0.415156 0.566042 0.847499 
5 0.444576 0.442455 0.424231 0.386359 0.503684 0.674621 0.555202 0.468674 0.553031 0.935651 
8 0.367186 0.344152 0.334698 0.32302 0.41715 0.605951 0.448149 0.349225 0.43688 0.753936 
1 0.449426 0.399254 0.399351 0.393255 0.495562 0.624911 0.500437 0.412007 0.586303 0.844653 
1 0.295429 0.262033 0.253934 0.239494 0.338118 0.477877 0.348902 0.266569 0.394319 0.597905 
8 0.363185 0.359634 0.346182 0.38248 0.42361 0.553347 0.469468 0.366486 0.510661 0.841945 
1 0.810202 0.7181 0.702361 0.654795 0.885612 0.953975 0.808964 0.712263 0.954951 1.1977 
3 0.249698 0.257626 0.238856 0.273841 0.315739 0.447901 0.385126 0.253352 0.34686 0.764019 
0 0.533804 0.519093 0.476676 0.453321 0.58126 0.750415 0.618107 0.513465 0.62809 0.881286 
3 0.525833 0.552167 0.524157 0.490506 0.584301 0.810995 0.628058 0.527382 0.536938 0.923465 
1 0.568725 0.54798 0.521122 0.461061 0.632009 0.774977 0.64198 0.547743 0.676489 0.91553 
3 0.398505 0.366693 0.339844 0.344161 0.460892 0.596358 0.434371 0.36813 0.525903 0.680419 
1 0.515833 0.49461 0.482017 0.438564 0.559185 0.714902 0.578136 0.507527 0.614191 0.884979 
6 0.300362 0.277625 0.26306 0.256203 0.34983 0.477395 0.352616 0.278592 0.402483 0.589711 
7 0.734681 0.661207 0.638991 0.621966 0.814254 0.884774 0.757545 0.678899 0.810637 1.09639 
6 0.375639 0.364163 0.36325 0.398251 0.469175 0.573395 0.494497 0.367022 0.547232 0.916591 
3 0.381407 0.304554 0.317482 0.326549 0.396593 0.560317 0.45597 0.331885 0.461585 0.789329 
4 0.402301 0.386567 0.353353 0.299321 0.445499 0.626158 0.470123 0.370938 0.466968 0.759502 
9 0.679245 0.615781 0.599032 0.624165 0.733684 0.826347 0.723985 0.647745 0.809148 1.10024 
0 0.558975 0.543056 0.549813 0.555643 0.633429 0.770566 0.654747 0.537566 0.70386 1.09385 
7 0.459163 0.509091 0.502332 0.498246 0.523379 0.715401 0.621809 0.508544 0.61086 1.11289 
2 0.302109 0.271147 0.271254 0.287455 0.351302 0.504942 0.416875 0.283781 0.393002 0.745058 
5 0.39959 0.415006 0.396554 0.410654 0.467584 0.641819 0.502947 0.388966 0.482894 0.782956 
1 0.406328 0.358716 0.359474 0.314785 0.435424 0.600595 0.472298 0.379782 0.465376 0.76541 
5 0.340268 0.319024 0.299555 0.356496 0.405676 0.499199 0.445264 0.307632 0.464193 0.792585 
7 0.456497 0.4338 0.412218 0.350947 0.4955 0.693452 0.530883 0.413731 0.507049 0.817136 
6 0.484309 0.462326 0.471851 0.428701 0.530061 0.687669 0.571409 0.462724 0.584461 1.01221 
8 0.434197 0.484483 0.478211 0.444941 0.535287 0.696015 0.587407 0.487214 0.601999 1.01689 
0 0.419206 0.373895 0.365574 0.326021 0.473621 0.655297 0.487424 0.374903 0.528691 0.814794 
4 0.535647 0.546622 0.536504 0.501008 0.635779 0.755433 0.647176 0.559589 0.727177 1.08546 
1 0.302803 0.281703 0.280298 0.277302 0.34667 0.513288 0.409982 0.297613 0.374831 0.668651 
4 0.297286 0.260186 0.257476 0.253807 0.329893 0.48297 0.389693 0.248906 0.369582 0.723286 
6 0.389994 0.373398 0.377115 0.360486 0.458228 0.599739 0.488384 0.393504 0.519203 0.82164 
1 0.547793 0.474193 0.455186 0.399521 0.592677 0.728886 0.596942 0.475514 0.628276 0.894923 
9 0.317229 0.284805 0.273292 0.256083 0.354498 0.510197 0.367885 0.280754 0.394261 0.583703 
5 0.391106 0.356683 0.341873 0.324836 0.422463 0.573773 0.462031 0.375104 0.50375 0.805829 
6 0.415603 0.400874 0.416007 0.357843 0.475418 0.699281 0.501066 0.393473 0.510495 0.786474 
5 0.698616 0.61038 0.581825 0.570766 0.716969 0.854437 0.716949 0.593959 0.747073 1.02361 
7 0.60348 0.541858 0.517961 0.501 0.66671 0.786174 0.635117 0.572763 0.710317 0.957526 
8 0.454192 0.448148 0.440844 0.357537 0.486432 0.669557 0.553836 0.453082 0.515571 0.878185 
7 0.845734 0.760341 0.725122 0.70278 0.899973 0.980424 0.826563 0.758199 0.955175 1.18808 
6 0.618625 0.571347 0.590565 0.591106 0.696081 0.787146 0.689958 0.576101 0.772641 1.08618 
2 0.497052 0.469244 0.440961 0.408907 0.509969 0.7223 0.56488 0.451292 0.584244 0.884403 
9 0.479254 0.502841 0.461164 0.475238 0.544261 0.699989 0.555945 0.487927 0.586462 0.930451 
7 0.526713 0.492149 0.44821 0.431966 0.573999 0.744518 0.580529 0.475082 0.584161 0.907574 
4 0.381683 0.396781 0.381086 0.413749 0.468374 0.602128 0.499863 0.371791 0.51731 0.861665 
4 0.422803 0.430636 0.434298 0.405301 0.481114 0.65 0.539568 0.447796 0.543274 0.893404 
0 0.477333 0.460831 0.455233 0.423697 0.527954 0.686038 0.588551 0.471573 0.546663 0.967092 
2 0.510386 0.510006 0.50078 0.487633 0.566429 0.736178 0.608082 0.533923 0.616147 0.994867 
8 0.631722 0.560659 0.536395 0.52434 0.671104 0.812314 0.645568 0.587222 0.715048 0.940259 
2 0.899532 0.855049 0.842172 0.804148 0.991945 1.04088 0.921268 0.861654 1.08019 1.35351 
2 0.610031 0.565366 0.55257 0.577552 0.689172 0.802078 0.656752 0.587844 0.760839 1.06931 
6 0.507052 0.510184 0.457214 0.514443 0.568898 0.732299 0.584893 0.50403 0.577377 0.908457 
4 0.442091 0.39215 0.389856 0.354757 0.505931 0.625212 0.499922 0.405186 0.536862 0.772599 
1 0.453973 0.449286 0.453503 0.48649 0.51412 0.664303 0.569801 0.439963 0.538025 1.05625 
6 0.412308 0.371897 0.357809 0.410688 0.470285 0.576349 0.477307 0.375737 0.542315 0.792374 
0 0.617443 0.540113 0.524794 0.540375 0.675602 0.759857 0.664897 0.566788 0.722139 0.990371 
5 0.392397 0.426286 0.423858 0.375669 0.449671 0.672786 0.529992 0.38709 0.411051 0.82399 
1 0.547543 0.534454 0.508775 0.445717 0.593451 0.739966 0.619947 0.519872 0.661407 0.943225 
3 0.282667 0.246027 0.244509 0.228634 0.314443 0.472071 0.346941 0.26331 0.377382 0.615029 
9 0.370154 0.384352 0.368357 0.340069 0.417579 0.608094 0.480932 0.387973 0.460645 0.725736 
0 0.377983 0.351646 0.353626 0.368286 0.452264 0.554948 0.481164 0.369884 0.532904 0.844446 
9 0.375209 0.42932 0.409344 0.366726 0.419629 0.678178 0.523777 0.397024 0.39664 0.814842 
5 0.355041 0.312463 0.31123 0.292015 0.396892 0.536898 0.439365 0.335892 0.436925 0.749909 
9 0.387053 0.366264 0.355516 0.375805 0.450709 0.579283 0.459087 0.364963 0.515137 0.78356 
0 0.622665 0.54116 0.535216 0.494163 0.657012 0.760766 0.647894 0.581522 0.749759 0.995849 
4 0.366133 0.436375 0.417806 0.370579 0.414031 0.663676 0.531034 0.409827 0.422744 0.857968 
9 0.589683 0.560898 0.564189 0.544177 0.65317 0.777064 0.650989 0.599519 0.742918 1.06236 
9 0.392576 0.358929 0.338803 0.332167 0.42977 0.58904 0.481175 0.365816 0.486193 0.831349 
7 0.467391 0.448645 0.441347 0.409546 0.498443 0.676554 0.566364 0.455841 0.544118 0.859172 
6 0.534793 0.514989 0.507765 0.498365 0.612175 0.730813 0.627856 0.528168 0.717785 1.0619 
8 0.311969 0.275835 0.272269 0.255461 0.337824 0.519327 0.419271 0.285675 0.38049 0.691229 
1 0.587159 0.537473 0.530889 0.53295 0.642073 0.778357 0.63572 0.544223 0.640603 1.00499 
4 0.154562 0.154278 0.143262 0.160368 0.193208 0.339363 0.30233 0.146967 0.198224 0.560965 
6 0.392917 0.413212 0.380847 0.336966 0.421172 0.664007 0.497935 0.389478 0.472313 0.843201 
7 0.552784 0.554962 0.53643 0.513915 0.639858 0.768958 0.62712 0.538753 0.734542 1.04058 
2 0.409013 0.400961 0.414641 0.321417 0.464848 0.63793 0.547595 0.412056 0.503935 0.851944 
2 0.832387 0.778994 0.707412 0.762564 0.883634 0.97598 0.848909 0.776641 0.933284 1.15541 
4 0.510919 0.484081 0.459096 0.473516 0.54517 0.760041 0.573477 0.486721 0.565389 0.845217 
9 0.422051 0.435924 0.431757 0.399529 0.463314 0.636246 0.552261 0.452595 0.488776 0.893225 
0 0.481598 0.434714 0.416462 0.380187 0.539779 0.652823 0.54486 0.457772 0.622017 0.863212 
0 0.831353 0.815159 0.773101 0.709276 0.871247 1.06982 0.877894 0.792775 0.9131 1.23366 
0 0.523797 0.499131 0.477664 0.441122 0.593172 0.736014 0.611497 0.506394 0.561943 0.932856 
9 0.582503 0.570596 0.563665 0.476158 0.664025 0.811435 0.648947 0.564084 0.711506 1.03009 
9 0.507958 0.454144 0.439149 0.397322 0.555415 0.676445 0.569304 0.479095 0.583573 0.916138 
7 0.425969 0.400684 0.37946 0.396418 0.508017 0.599854 0.511106 0.411532 0.568356 0.897742 
0 0.561101 0.572565 0.564224 0.520197 0.628064 0.782111 0.666854 0.57185 0.687991 1.03623 
0 0.584108 0.559058 0.536781 0.500795 0.659067 0.787658 0.660127 0.571972 0.713623 1.01235 
6 0.455784 0.484354 0.480361 0.476457 0.504867 0.707088 0.570979 0.462486 0.580011 0.935886 
0 0.656566 0.558918 0.534514 0.52197 0.684463 0.798081 0.682451 0.567422 0.747757 0.972114 
7 0.429521 0.469904 0.444746 0.38167 0.482905 0.697994 0.561197 0.428781 0.509792 0.914051 
8 0.318655 0.300416 0.28361 0.283098 0.377368 0.501414 0.399784 0.304379 0.434284 0.668114 
7 0.632916 0.553487 0.533347 0.552736 0.686864 0.788311 0.64106 0.564912 0.752891 0.970698 
8 0.347603 0.32262 0.323152 0.308408 0.397084 0.54739 0.432696 0.32862 0.421696 0.699308 
6 0.943658 0.872943 0.844786 0.839918 1.02289 1.06364 0.930152 0.905281 1.12189 1.32769 
3 0.496217 0.441844 0.421075 0.423697 0.535989 0.676875 0.539561 0.462913 0.584698 0.914345 
4 0.67218 0.641333 0.607837 0.62281 0.752547 0.8602 0.718829 0.659463 0.827427 1.0255 
3 0.506083 0.460835 0.438429 0.432571 0.575146 0.678845 0.578376 0.479607 0.631824 0.929958 
0 0.420747 0.396751 0.358637 0.325091 0.446578 0.637582 0.490081 0.354706 0.484371 0.726002 
2 0.571128 0.619008 0.611986 0.548337 0.677647 0.8202 0.71233 0.604416 0.780818 1.16755 
7 0.666123 0.609056 0.542612 0.581405 0.684731 0.806916 0.682565 0.579926 0.716391 1.04177 
6 0.370655 0.328389 0.33233 0.297838 0.402681 0.532979 0.457272 0.356582 0.444751 0.751364 
1 0.453164 0.398317 0.387901 0.373069 0.492381 0.641385 0.508762 0.396829 0.520219 0.772161 
8 0.355201 0.338292 0.325598 0.380911 0.426285 0.52679 0.473741 0.345778 0.477588 0.81454 
8 0.624881 0.552713 0.532207 0.537102 0.686972 0.776394 0.629298 0.562507 0.804839 0.975847 
6 0.586183 0.52564 0.500408 0.530657 0.645249 0.750628 0.615188 0.549387 0.666375 0.961423 
3 0.463685 0.398708 0.398288 0.372054 0.497095 0.662744 0.525149 0.434323 0.512899 0.818134 
5 0.226929 0.224632 0.202717 0.192395 0.259485 0.438091 0.331944 0.227863 0.306082 0.589806 
3 0.317171 0.298763 0.293104 0.325833 0.374043 0.527751 0.414601 0.30131 0.415731 0.727882 
6 0.493898 0.462447 0.454076 0.47673 0.550964 0.699333 0.572189 0.490004 0.589717 0.867207 
0 0.614251 0.58166 0.540627 0.557408 0.66972 0.799968 0.664367 0.593947 0.738461 1.09447 
7 0.373847 0.398488 0.384415 0.317521 0.430168 0.608357 0.495023 0.369074 0.418115 0.846299 
8 0.504066 0.456409 0.437116 0.457592 0.563006 0.681929 0.568984 0.473157 0.630629 0.890788 
8 0.64293 0.577829 0.572673 0.55855 0.699918 0.806364 0.675705 0.578348 0.75667 1.03744 
4 0.40187 0.365267 0.351384 0.379147 0.436963 0.599893 0.476744 0.373051 0.441592 0.842382 
5 0.333659 0.314882 0.302594 0.285349 0.363137 0.532392 0.449154 0.298502 0.341994 0.736987 
9 0.315694 0.319077 0.311365 0.333122 0.394156 0.586651 0.423054 0.322103 0.464443 0.718945 
3 0.552951 0.535478 0.553359 0.498093 0.60049 0.775131 0.661842 0.557896 0.668485 1.07522 
9 0.437961 0.433796 0.415127 0.418736 0.505068 0.665199 0.515239 0.459484 0.588905 0.878053 
0 0.414838 0.419914 0.395366 0.451181 0.480267 0.615196 0.523052 0.423482 0.537041 0.963331 
8 0.415628 0.46839 0.433925 0.409606 0.448737 0.685661 0.556269 0.449885 0.500917 0.960751 
5 0.524176 0.474182 0.456941 0.46731 0.566904 0.72846 0.583752 0.50238 0.642521 0.930833 
4 0.389063 0.399782 0.362635 0.340896 0.460913 0.628567 0.474392 0.382973 0.46505 0.69309 
6 0.598977 0.563769 0.543622 0.502432 0.656155 0.781901 0.662037 0.57347 0.752585 1.05016 
6 0.41392 0.38923 0.378628 0.363112 0.498903 0.625518 0.52625 0.406781 0.530871 0.86308 
5 0.35619 0.310145 0.298875 0.278734 0.395798 0.555158 0.427555 0.321555 0.414375 0.689353 
9 0.600224 0.548658 0.537917 0.496899 0.675013 0.78985 0.637056 0.580334 0.754873 0.973942 
3 0.358194 0.343568 0.343724 0.331792 0.417336 0.575177 0.468806 0.329266 0.47503 0.817903 
4 0.577005 0.544407 0.525531 0.53856 0.648342 0.784658 0.646422 0.564937 0.679961 0.915534 
9 0.423246 0.393834 0.390819 0.420228 0.467972 0.615866 0.545718 0.395154 0.527872 0.929501 
8 0.513835 0.464108 0.458363 0.450064 0.563316 0.689035 0.579737 0.49269 0.583304 0.881353 
7 0.564351 0.492672 0.478345 0.491281 0.598264 0.719868 0.585541 0.507265 0.685223 0.92855 
0 0.387727 0.363457 0.37636 0.392113 0.429481 0.597802 0.47178 0.382936 0.44686 0.876551 
1 0.465233 0.51967 0.517398 0.526079 0.544525 0.729694 0.612436 0.517996 0.630245 1.03148 
1 0.314197 0.288253 0.271727 0.252 0.357023 0.502553 0.364304 0.280078 0.42784 0.612941 
0 0.282339 0.261616 0.24535 0.282135 0.318522 0.449804 0.397532 0.256343 0.372702 0.717903 
3 0.443151 0.429055 0.409526 0.385455 0.496605 0.672681 0.515106 0.43171 0.485976 0.87197 
3 0.668005 0.649158 0.636399 0.628922 0.731835 0.851424 0.712643 0.642404 0.785786 1.0887 
4 0.439059 0.40486 0.378125 0.370281 0.507165 0.637503 0.505339 0.415637 0.53541 0.770686 
7 0.490796 0.450264 0.431432 0.431267 0.543068 0.662448 0.56976 0.460513 0.620111 0.90957 
1 0.300465 0.280716 0.263819 0.243015 0.333863 0.485406 0.384011 0.286406 0.360676 0.618969 
9 0.328296 0.301918 0.288478 0.269715 0.375303 0.527955 0.374612 0.294653 0.424777 0.596831 
1 0.485002 0.426548 0.421912 0.413288 0.540626 0.670784 0.537511 0.469899 0.555473 0.865879 
6 0.260893 0.276996 0.264101 0.284207 0.316746 0.460828 0.401959 0.270717 0.366072 0.791023 
1 0.529719 0.528792 0.475141 0.486004 0.595527 0.746451 0.625449 0.487123 0.582479 0.987989 
0 0.227674 0.213962 0.204004 0.206018 0.272719 0.413927 0.318545 0.21023 0.324061 0.534888 
0 0.566908 0.587281 0.565962 0.502773 0.651859 0.806597 0.663789 0.577867 0.649873 1.04558 
8 0.578007 0.595732 0.57788 0.610551 0.647062 0.812406 0.698725 0.602291 0.712031 1.15822 
8 0.544029 0.525408 0.498795 0.489448 0.624284 0.731886 0.593946 0.528241 0.696066 0.977342 
4 0.564859 0.493033 0.473828 0.474215 0.618299 0.742256 0.618018 0.496588 0.62006 0.952059 
3 0.501175 0.465675 0.443901 0.451206 0.5595 0.67889 0.57336 0.484455 0.647718 0.973728 
5 0.412712 0.366458 0.354827 0.351791 0.434211 0.636988 0.476347 0.377869 0.474448 0.734113 
7 0.401658 0.394479 0.38269 0.416528 0.48038 0.644841 0.486195 0.381475 0.574481 0.777537 
5 0.49296 0.453947 0.461524 0.406085 0.557759 0.668612 0.572027 0.482823 0.582313 0.88216 
9 0.404009 0.377324 0.36211 0.32793 0.456746 0.609604 0.475114 0.3848 0.502011 0.767406 
9 0.459324 0.426039 0.412955 0.42622 0.53303 0.640512 0.536871 0.444586 0.598201 0.898803 
9 0.685963 0.617123 0.607881 0.641249 0.736767 0.846038 0.716537 0.65238 0.822338 1.14509 
5 0.400258 0.369135 0.373421 0.328467 0.449305 0.590212 0.492146 0.368806 0.465363 0.798302 
5 0.382268 0.384508 0.376343 0.368448 0.475568 0.642718 0.487961 0.377723 0.552596 0.835882 
2 0.583595 0.521096 0.508098 0.467864 0.616213 0.740176 0.616499 0.538016 0.608386 0.914492 
6 0.310453 0.297458 0.281316 0.261019 0.3574 0.527059 0.40469 0.280717 0.40256 0.655435 
0 0.470609 0.448759 0.44048 0.437771 0.543538 0.656882 0.55734 0.43933 0.599505 0.891551 
6 0.436625 0.42156 0.395271 0.365396 0.506158 0.641825 0.533949 0.425163 0.566892 0.901157 
2 0.294851 0.322904 0.319758 0.291487 0.342828 0.528513 0.448727 0.310269 0.323658 0.762874 
3 0.467506 0.418943 0.416098 0.42767 0.532194 0.637956 0.534519 0.42607 0.545685 0.886343 
8 0.390026 0.360586 0.344032 0.329584 0.435951 0.582043 0.461431 0.355139 0.469398 0.765987 
5 0.577223 0.503106 0.509616 0.496447 0.633047 0.760576 0.62437 0.543869 0.70152 1.00168 
9 0.483756 0.461468 0.420897 0.409086 0.519981 0.705726 0.579804 0.413932 0.534528 0.834681 
8 0.56543 0.521494 0.511363 0.477207 0.596653 0.761373 0.617558 0.541531 0.634829 0.961943 
0 0.526379 0.463699 0.44707 0.421532 0.585091 0.723238 0.550517 0.475478 0.680344 0.863176 
7 0.532423 0.480474 0.447139 0.435231 0.591711 0.739208 0.588846 0.48166 0.585759 0.875278 
9 0.442065 0.402262 0.411806 0.352618 0.478072 0.634418 0.525341 0.423524 0.51678 0.839997 
4 0.553034 0.501604 0.508714 0.465733 0.60603 0.721397 0.623929 0.531201 0.682832 0.96444 
9 0.404401 0.383658 0.364434 0.385293 0.473151 0.592643 0.513454 0.380622 0.530602 0.917259 
3 0.508587 0.448808 0.440367 0.427201 0.560321 0.662406 0.558293 0.482701 0.627649 0.876801 
7 0.357064 0.334522 0.310636 0.270175 0.39397 0.582781 0.430275 0.347714 0.418314 0.676388 
1 0.466158 0.437171 0.437827 0.40721 0.529328 0.649974 0.559875 0.473833 0.609313 0.895543 
1 0.320986 0.304027 0.294314 0.339191 0.376444 0.492147 0.443306 0.302278 0.42775 0.760699 
9 0.217577 0.211357 0.19451 0.21606 0.257677 0.398965 0.335216 0.204341 0.307796 0.584315 
8 0.388992 0.355637 0.355186 0.352891 0.445024 0.58163 0.482504 0.382553 0.503814 0.829572 
0 0.413965 0.386002 0.356001 0.333156 0.468147 0.638596 0.491785 0.381877 0.496551 0.759319 
4 0.710692 0.717182 0.702521 0.660549 0.80308 0.946637 0.781326 0.695264 0.897039 1.17339 
8 0.323446 0.339672 0.326465 0.347384 0.394574 0.54613 0.459907 0.349852 0.458529 0.887917 
0 0.524664 0.507127 0.494524 0.522047 0.622022 0.750005 0.593711 0.525055 0.678753 0.996442 
2 0.401607 0.456477 0.41739 0.377706 0.445282 0.714623 0.548559 0.430212 0.453791 0.847296 
5 0.494823 0.476238 0.451422 0.406733 0.534863 0.69273 0.542152 0.477128 0.587083 0.932001 
6 0.648132 0.596608 0.549575 0.553947 0.703274 0.843971 0.681991 0.584165 0.674072 0.93822 
0 0.445296 0.441124 0.437679 0.412044 0.518148 0.658238 0.538052 0.467773 0.569488 0.884606 
6 0.480538 0.474649 0.481215 0.407517 0.557222 0.723038 0.577334 0.525567 0.604287 0.957761 
8 0.260482 0.228648 0.229271 0.229026 0.287555 0.447763 0.354419 0.231304 0.332021 0.632681 
0 0.998343 0.943289 0.945123 0.969213 1.12469 1.11537 0.99114 0.975872 1.26048 1.38003 
9 0.495774 0.54983 0.546241 0.490062 0.555023 0.788593 0.629471 0.50562 0.576687 1.00032 
7 0.353204 0.320837 0.314928 0.303669 0.394016 0.540062 0.443921 0.345187 0.441912 0.747344 
2 0.495709 0.461389 0.452836 0.480685 0.583831 0.675635 0.58313 0.470648 0.676406 0.994994 
3 0.673824 0.625475 0.5861 0.600168 0.745906 0.834529 0.702335 0.633986 0.837196 1.12615 
8 0.460338 0.443555 0.449016 0.440866 0.528403 0.71374 0.552828 0.474948 0.56101 0.864818 
6 0.360455 0.354954 0.337841 0.357537 0.439395 0.626345 0.453559 0.3638 0.452826 0.751833 
9 0.451989 0.42197 0.413956 0.410228 0.517942 0.626712 0.528266 0.442077 0.569942 0.941977 
5 0.525795 0.484279 0.471031 0.4665 0.587849 0.713498 0.579281 0.510645 0.644835 0.948795 
1 0.386282 0.397017 0.397035 0.418889 0.480706 0.605433 0.493522 0.381865 0.552858 0.832936 
0 0.347622 0.316259 0.297487 0.30089 0.394961 0.52568 0.426432 0.306901 0.454373 0.711971 
6 0.398209 0.438984 0.424452 0.414243 0.460727 0.659577 0.54507 0.447095 0.537533 0.977302 
6 0.529635 0.482029 0.461012 0.454974 0.602261 0.724649 0.6012 0.510133 0.648575 0.945289 
9 0.623802 0.558429 0.539903 0.563622 0.701131 0.784674 0.68071 0.6048 0.750801 1.02847 
5 0.438539 0.393751 0.387385 0.392471 0.50118 0.627096 0.510366 0.418786 0.546561 0.830081 
0 0.504458 0.480319 0.45907 0.44743 0.589016 0.709297 0.561259 0.469393 0.650429 0.900652 
7 0.5527 0.573274 0.571616 0.533607 0.617313 0.805655 0.657801 0.567111 0.629376 0.996994 
7 0.496294 0.479769 0.472627 0.491733 0.580444 0.699779 0.592736 0.491478 0.65557 0.947344 
2 0.371593 0.351954 0.354103 0.365021 0.450064 0.566014 0.486301 0.368904 0.497529 0.823708 
8 0.588585 0.595364 0.559459 0.549608 0.650552 0.807913 0.671834 0.593672 0.660761 1.00624 
5 0.578732 0.522905 0.520927 0.487079 0.653651 0.809114 0.619892 0.527766 0.708457 0.986733 
5 0.531948 0.519571 0.501517 0.543589 0.606583 0.729077 0.609219 0.51165 0.727516 0.934013 
4 0.477488 0.486001 0.436877 0.41796 0.541395 0.711036 0.559842 0.461311 0.566214 0.836184 
4 0.345695 0.34661 0.338465 0.331758 0.385925 0.56287 0.463801 0.362795 0.43385 0.758783 
